465 701
265 607
925 430
307 492
50 648
743 887
905 882
467 474
589 92
157 38
234 949
181 85
775 23
712 472
881 788
139 562
286 194
920 627
731 65
224 56
906 542
405 392
556 904
778 690
583 919
490 682
52 412
242 10
751 596
756 901
516 494
449 839
587 28
122 104
111 966
802 223
640 841
916 595
291 423
892 725
243 672
853 313
95 815
887 747
328 359
882 151
532 756
835 929
468 958
874 898
614 343
78 396
480 542
837 733
746 804
676 63
558 676
744 872
39 448
454 877
155 846
429 41
63 305
910 59
126 852
453 534
364 937
71 987
741 568
479 17
325 795
143 588
108 542
695 970
40 460
717 250
535 532
618 344
903 730
141 203
404 826
622 408
718 144
713 919
195 859
260 907
56 504
719 496
208 898
807 52
150 951
263 719
437 413
461 319
602 539
156 172
882 77
50 667
621 816
248 646
15 723
449 328
599 782
865 343
278 892
676 434
605 508
673 121
483 886
65 587
442 728
79 74
269 400
917 444
800 764
592 483
132 517
18 932
486 66
42 997
890 129
370 902
833 80
861 138
948 682
83 720
204 125
170 921
144 464
538 518
938 921
813 106
695 996
202 602
920 864
261 542
25 676
924 663
798 119
456 112
373 629
902 169
708 941
625 766
544 247
14 406
95 163
868 311
346 477
478 839
867 828
694 454
839 209
887 375
63 117
103 797
257 708
983 322
134 581
977 651
544 107
5 399
714 366
160 398
732 242
17 662
473 402
977 897
175 877
87 59
434 358
37 71
597 817
586 896
590 473
117 837
797 839
883 734
513 70
61 243
527 353
81 524
7 405
106 755
165 707
615 166
17 765
294 400
212 362
883 639
344 101
161 560
362 128
843 598
70 614
199 274
567 829
887 444
74 562
382 856
165 863
404 388
682 432
246 502
618 491
741 890
896 469
993 8
731 641
321 916
950 347
410 375
632 219
18 563
932 245
351 44
612 317
185 634
303 664
65 763
692 334
557 45
937 244
297 169
909 862
147 139
6 545
50 470
919 374
292 509
858 810
339 852
846 722
100 572
685 828
108 909
173 481
278 526
337 559
621 968
35 867
699 648
432 163
140 75
856 258
938 589
848 924
141 610
630 473
222 157
752 815
337 319
906 279
533 646
954 434
114 863
305 133
29 159
249 839
290 363
269 19
831 983
770 121
841 811
936 142
798 378
876 492
318 348
30 77
726 52
945 985
274 371
548 751
599 611
885 831
634 24
309 38
968 632
563 115
499 260
1 454
334 574
773 728
134 306
965 998
757 641
899 183
43 473
336 213
955 432
183 216
591 519
825 997
529 604
721 54
368 527
124 924
275 734
775 319
45 428
364 950
709 764
994 697
424 291
103 67
621 507
405 206
469 180
399 583
894 974
631 352
754 793
445 636
256 957
77 621
959 749
598 521
402 902
403 819
797 182
160 622
523 816
930 940
961 828
586 733
586 74
552 627
695 343
761 34
755 248
125 325
288 387
287 51
210 982
770 121
894 871
52 689
967 666
265 296
173 353
991 933
241 957
290 885
866 147
723 19
669 234
505 276
437 177
12 353
607 518
874 775
152 456
529 968
573 62
392 52
559 168
378 874
209 339
663 911
431 699
136 594
245 48
223 502
153 91
697 606
470 866
377 728
334 711
987 176
58 551
945 245
377 158
957 632
692 775
324 264
354 393
411 355
573 542
817 639
271 181
729 439
866 599
42 193
403 62
84 460
202 378
273 878
649 69
198 220
895 62
557 251
943 995
641 755
842 423
876 923
29 411
440 943
128 865
96 862
781 699
795 856
545 242
669 357
402 539
569 464
989 643
294 371
155 411
477 500
519 967
804 685
655 849
563 578
292 3
777 803
271 121
449 736
690 772
839 740
353 906
616 395
971 131
299 165
721 607
923 620
705 891
502 714
991 99
581 604
353 889
247 307
781 163
796 297
506 715
964 960
936 368
466 174
581 113
920 533
204 362
936 663
812 671
611 542
346 149
634 809
484 200
56 827
476 7
240 94
285 732
103 509
69 31
0 79
870 258
121 95
826 575
175 783
131 614
370 285
261 459
391 6
993 460
726 527
366 880
439 803
278 554
22 255
794 437
576 617
947 593
321 262
398 124
548 690
27 917
206 890
19 705
639 822
259 880
422 851
873 744
845 714
98 828
913 349
740 550
912 792
955 814
239 141
148 164
235 296
639 475
587 24
931 791
430 639
353 452
707 288
808 444
119 484
703 29
648 73
826 965
712 64
908 42
310 129
707 650
327 925
608 228
850 160
837 514
48 993
402 956
906 855
24 753
69 497
918 884
384 906
98 481
662 688
719 163
423 288
348 587
673 671
542 247
756 71
588 516
442 660
399 322
869 346
165 139
395 629
3 102
541 733
183 167
13 964
808 763
285 124
861 434
845 146
498 102
668 833
162 346
896 933
462 25
344 309
723 13
798 820
793 16
538 956
855 642
842 567
68 455
54 587
585 740
879 777
443 950
200 787
300 32
124 328
129 479
391 221
389 667
425 65
820 100
669 629
157 622
943 318
655 739
772 920
204 140
660 409
250 595
618 112
918 456
724 72
724 78
269 492
281 338
592 425
257 31
736 346
509 928
50 300
668 91
164 976
98 638
615 830
822 930
415 268
357 224
907 26
740 204
352 792
42 501
376 703
4 381
471 865
203 427
431 583
48 155
769 61
119 271
548 867
473 405
674 419
395 132
957 465
364 403
530 868
340 480
547 16
600 498
904 430
98 964
880 49
486 623
249 484
95 162
63 21
7 472
657 537
453 903
87 19
513 248
463 444
539 584
256 160
746 434
669 411
544 702
675 590
498 274
102 154
646 908
437 240
605 1
830 26
968 349
124 393
174 320
861 805
651 368
48 626
125 1
164 365
792 806
563 539
682 890
781 466
320 704
953 879
279 531
118 435
190 795
728 610
608 549
598 505
632 557
177 588
358 170
695 865
454 407
308 628
15 26
570 192
209 746
335 47
424 282
893 630
813 812
496 504
635 356
872 885
607 610
949 839
736 363
770 873
398 685
219 77
408 125
928 8
69 135
180 539
716 465
535 65
479 981
350 200
2 200
301 486
618 484
531 698
608 374
91 955
36 589
635 265
118 976
885 486
736 642
59 105
160 294
87 967
362 960
64 446
138 799
305 783
718 798
860 335
81 785
676 898
532 834
920 589
56 672
131 799
879 984
48 466
184 587
834 748
272 180
66 325
518 532
378 828
343 492
838 474
376 766
586 835
682 377
670 436
784 391
407 461
156 68
39 397
831 5
564 860
895 187
838 834
882 571
442 97
913 835
388 585
961 130
945 648
306 220
58 459
994 562
52 790
420 578
125 364
58 80
865 404
498 433
386 424
771 255
646 539
129 382
154 910
462 441
149 286
89 698
95 558
747 733
792 469
99 591
469 636
124 264
941 830
172 906
809 116
37 837
650 700
81 825
357 925
942 351
729 786
561 789
753 513
286 764
685 54
958 991
547 609
977 665
627 624
203 435
536 522
195 770
994 298
414 497
576 356
67 296
994 15
423 857
933 735
216 546
312 645
759 396
876 366
903 391
928 501
498 712
666 957
50 64
905 752
709 170
527 781
353 248
324 833
247 370
526 909
845 229
773 271
123 4
754 688
103 694
824 233
20 987
27 651
749 492
948 922
856 398
934 268
773 643
819 268
278 261
624 398
648 784
976 606
879 587
260 994
384 906
991 976
527 267
231 277
577 210
111 220
548 924
634 207
963 604
915 644
966 694
584 303
846 614
36 352
605 996
83 217
44 46
864 535
894 41
258 818
714 574
270 754
982 909
830 848
854 513
223 246
604 936
472 284
98 564
318 240
435 995
437 369
351 704
912 592
157 523
169 276
786 436
205 16
616 183
935 587
499 940
44 932
581 231
78 272
480 911
826 162
283 725
805 741
934 346
531 641
904 901
215 664
392 760
695 491
928 374
95 958
781 99
582 716
843 479
6 304
302 921
52 762
691 253
647 746
804 553
869 61
859 258
729 73
406 941
353 102
496 804
772 354
561 64
1 865
635 677
218 648
309 231
471 260
797 575
655 36
838 330
330 8
226 870
538 84
264 689
647 453
918 120
649 478
354 936
128 375
90 293
136 699
612 789
385 37
519 72
722 375
112 95
173 342
689 701
30 373
739 198
365 36
517 19
595 564
557 351
705 578
90 218
883 766
300 23
164 152
267 283
51 678
413 941
923 827
892 684
41 119
219 114
158 287
416 891
492 513
37 57
462 455
993 360
455 325
12 929
493 864
871 493
574 453
129 624
928 964
503 903
687 651
503 583
314 117
36 346
385 791
418 619
80 265
644 25
923 485
327 71
851 630
409 384
522 370
875 840
91 702
449 317
865 584
138 812
66 191
544 89
215 206
110 750
907 744
761 812
741 414
684 904
420 276
988 892
783 177
452 134
774 789
942 166
952 461
87 713
690 961
718 363
608 983
985 465
995 49
35 164
855 585
462 50
664 828
425 822
