0 1
0 2
0 3
2 4
0 5
4 6
5 7
1 8
8 9
8 10
8 11
3 12
0 13
0 14
12 15
15 16
2 17
12 18
5 19
18 20
3 21
21 22
15 23
21 24
0 25
19 26
5 27
12 28
28 29
28 30
1 31
27 32
10 33
12 34
30 35
35 36
7 37
5 38
2 39
16 40
34 41
24 42
35 43
0 44
36 45
42 46
33 47
2 48
2 49
19 50
10 51
42 52
37 53
32 54
37 55
26 56
47 57
46 58
23 59
1 60
26 61
32 62
50 63
7 64
17 65
34 66
64 67
16 68
47 69
26 70
12 71
23 72
69 73
37 74
66 75
15 76
24 77
9 78
57 79
45 80
41 81
50 82
41 83
45 84
65 85
37 86
67 87
83 88
9 89
79 90
79 91
83 92
73 93
40 94
15 95
17 96
61 97
4 98
80 99
98 100
3 101
45 102
14 103
92 104
60 105
8 106
45 107
5 108
19 109
14 110
48 111
111 112
62 113
94 114
9 115
64 116
56 117
40 118
25 119
117 120
107 121
118 122
81 123
13 124
63 125
21 126
77 127
13 128
85 129
92 130
87 131
74 132
87 133
107 134
106 135
51 136
29 137
106 138
12 139
117 140
33 141
135 142
105 143
76 144
43 145
132 146
37 147
42 148
117 149
10 150
98 151
106 152
77 153
86 154
108 155
144 156
17 157
152 158
73 159
83 160
24 161
116 162
63 163
144 164
153 165
90 166
26 167
95 168
3 169
19 170
163 171
63 172
126 173
158 174
19 175
8 176
75 177
6 178
32 179
172 180
134 181
29 182
114 183
103 184
47 185
131 186
31 187
23 188
69 189
189 190
38 191
188 192
38 193
63 194
170 195
39 196
169 197
110 198
26 199
46 200
131 201
139 202
90 203
24 204
184 205
132 206
1 207
39 208
35 209
2 210
156 211
98 212
203 213
90 214
63 215
201 216
208 217
94 218
100 219
167 220
82 221
182 222
65 223
154 224
94 225
206 226
95 227
204 228
200 229
4 230
54 231
91 232
128 233
171 234
133 235
84 236
89 237
60 238
154 239
237 240
89 241
65 242
153 243
66 244
203 245
72 246
161 247
194 248
130 249
182 250
229 251
176 252
129 253
187 254
240 255
232 256
83 257
234 258
209 259
98 260
42 261
123 262
54 263
162 264
210 265
104 266
97 267
62 268
58 269
244 270
201 271
222 272
228 273
188 274
249 275
127 276
195 277
119 278
252 279
152 280
237 281
91 282
262 283
213 284
283 285
37 286
6 287
166 288
205 289
47 290
221 291
46 292
97 293
33 294
283 295
47 296
232 297
207 298
121 299
139 300
196 301
96 302
1 303
78 304
74 305
31 306
227 307
7 308
31 309
267 310
24 311
21 312
176 313
312 314
13 315
126 316
246 317
169 318
293 319
91 320
254 321
113 322
137 323
67 324
64 325
28 326
39 327
118 328
106 329
202 330
222 331
170 332
275 333
48 334
142 335
129 336
200 337
269 338
204 339
299 340
310 341
92 342
128 343
255 344
227 345
175 346
6 347
296 348
280 349
123 350
46 351
341 352
14 353
55 354
48 355
202 356
185 357
42 358
90 359
283 360
0 361
225 362
349 363
8 364
67 365
337 366
21 367
347 368
330 369
247 370
78 371
274 372
193 373
87 374
44 375
112 376
144 377
58 378
263 379
299 380
142 381
265 382
291 383
376 384
122 385
102 386
151 387
86 388
341 389
284 390
382 391
194 392
180 393
311 394
372 395
272 396
198 397
90 398
93 399
256 400
203 401
305 402
275 403
324 404
137 405
194 406
164 407
270 408
93 409
321 410
74 411
46 412
404 413
399 414
173 415
328 416
358 417
267 418
295 419
16 420
321 421
125 422
419 423
399 424
132 425
115 426
386 427
367 428
357 429
265 430
331 431
180 432
365 433
257 434
340 435
346 436
96 437
38 438
55 439
123 440
281 441
158 442
439 443
189 444
132 445
292 446
243 447
265 448
151 449
112 450
262 451
151 452
158 453
291 454
25 455
54 456
13 457
446 458
64 459
409 460
134 461
98 462
367 463
44 464
371 465
124 466
145 467
152 468
82 469
98 470
1 471
93 472
247 473
63 474
228 475
282 476
359 477
457 478
90 479
448 480
220 481
259 482
394 483
220 484
332 485
93 486
411 487
419 488
303 489
478 490
51 491
117 492
434 493
66 494
336 495
122 496
266 497
387 498
311 499
157 500
196 501
127 502
149 503
95 504
21 505
293 506
156 507
342 508
177 509
324 510
328 511
421 512
202 513
221 514
259 515
71 516
186 517
295 518
260 519
163 520
58 521
477 522
141 523
455 524
420 525
241 526
69 527
51 528
123 529
142 530
471 531
78 532
155 533
478 534
98 535
532 536
279 537
527 538
442 539
112 540
264 541
523 542
336 543
347 544
453 545
219 546
8 547
167 548
54 549
281 550
525 551
384 552
487 553
264 554
293 555
92 556
58 557
519 558
383 559
540 560
442 561
518 562
267 563
226 564
248 565
236 566
482 567
90 568
217 569
88 570
416 571
17 572
277 573
131 574
568 575
265 576
268 577
281 578
298 579
132 580
212 581
86 582
492 583
327 584
150 585
581 586
61 587
84 588
239 589
304 590
275 591
119 592
286 593
248 594
160 595
490 596
343 597
141 598
224 599
428 600
28 601
130 602
462 603
424 604
299 605
391 606
468 607
123 608
184 609
337 610
177 611
519 612
135 613
434 614
284 615
548 616
287 617
149 618
111 619
354 620
575 621
442 622
448 623
569 624
195 625
190 626
158 627
21 628
176 629
411 630
254 631
501 632
361 633
157 634
562 635
330 636
43 637
625 638
73 639
182 640
96 641
418 642
487 643
108 644
270 645
502 646
174 647
52 648
569 649
433 650
371 651
238 652
394 653
149 654
445 655
519 656
138 657
158 658
32 659
208 660
34 661
395 662
157 663
531 664
312 665
149 666
367 667
10 668
13 669
521 670
388 671
575 672
151 673
5 674
567 675
638 676
116 677
320 678
185 679
673 680
19 681
387 682
419 683
409 684
635 685
39 686
264 687
659 688
605 689
169 690
592 691
318 692
108 693
654 694
572 695
441 696
407 697
17 698
469 699
18 700
251 701
115 702
521 703
536 704
49 705
300 706
696 707
418 708
277 709
522 710
106 711
256 712
575 713
180 714
194 715
83 716
682 717
35 718
554 719
19 720
681 721
198 722
84 723
260 724
323 725
702 726
28 727
347 728
621 729
356 730
223 731
562 732
518 733
4 734
414 735
7 736
213 737
596 738
72 739
511 740
539 741
503 742
404 743
358 744
427 745
652 746
343 747
523 748
125 749
514 750
367 751
185 752
512 753
415 754
558 755
370 756
85 757
33 758
73 759
581 760
227 761
677 762
376 763
359 764
427 765
65 766
573 767
718 768
46 769
460 770
368 771
310 772
764 773
340 774
274 775
45 776
522 777
756 778
283 779
562 780
79 781
331 782
340 783
603 784
471 785
415 786
253 787
463 788
22 789
563 790
680 791
411 792
535 793
453 794
308 795
417 796
515 797
354 798
263 799
499 800
438 801
760 802
645 803
6 804
244 805
331 806
35 807
43 808
593 809
584 810
381 811
591 812
369 813
11 814
90 815
603 816
708 817
88 818
728 819
587 820
222 821
113 822
62 823
449 824
138 825
658 826
433 827
583 828
311 829
213 830
600 831
185 832
193 833
734 834
600 835
332 836
828 837
256 838
283 839
26 840
161 841
663 842
518 843
199 844
324 845
807 846
6 847
575 848
574 849
320 850
182 851
235 852
45 853
410 854
851 855
731 856
127 857
568 858
361 859
829 860
486 861
481 862
391 863
67 864
421 865
67 866
280 867
515 868
223 869
200 870
763 871
512 872
143 873
120 874
81 875
105 876
623 877
575 878
702 879
442 880
574 881
361 882
440 883
587 884
836 885
68 886
714 887
325 888
256 889
409 890
890 891
500 892
647 893
137 894
341 895
311 896
282 897
618 898
888 899
332 900
281 901
149 902
900 903
607 904
190 905
695 906
618 907
598 908
173 909
495 910
724 911
687 912
785 913
181 914
776 915
126 916
682 917
189 918
409 919
619 920
403 921
6 922
467 923
308 924
76 925
135 926
487 927
248 928
487 929
793 930
21 931
186 932
363 933
927 934
439 935
877 936
625 937
173 938
100 939
613 940
122 941
116 942
602 943
36 944
843 945
320 946
546 947
13 948
841 949
140 950
772 951
601 952
787 953
180 954
349 955
44 956
137 957
497 958
48 959
553 960
685 961
65 962
806 963
442 964
73 965
661 966
170 967
340 968
827 969
392 970
202 971
579 972
516 973
831 974
116 975
556 976
152 977
39 978
257 979
699 980
390 981
871 982
646 983
235 984
191 985
268 986
135 987
297 988
561 989
977 990
928 991
688 992
388 993
25 994
479 995
507 996
457 997
200 998
786 999
