4465 8701
6265 5607
2925 3430
7307 9492
2050 648
8743 8887
905 882
7467 474
4589 6092
6157 7038
9234 949
6181 6085
5775 8023
2712 1472
3881 1788
3139 2562
8286 5194
7920 4627
4731 5065
9224 1056
4906 9542
2405 7392
6556 3904
7778 690
7583 7919
7490 1682
7052 1412
3242 10
751 3596
5756 901
2516 8494
2449 7839
4587 5028
1122 2104
5111 966
2802 1223
7640 7841
7916 9595
8291 423
9892 5725
7243 6672
1853 5313
4095 8815
4887 747
1328 5359
2882 9151
3532 7756
835 929
7468 2958
9874 7898
6614 3343
6078 396
8480 6542
5837 8733
7746 9804
6676 6063
1558 4676
1744 7872
3039 1448
1454 6877
7155 5846
429 7041
1063 1305
6910 6059
7126 5852
6453 9534
364 4937
9071 5987
2741 1568
479 3017
1325 7795
5143 2588
1108 4542
9695 5970
9040 9460
1717 9250
5535 8532
9618 9344
4903 8730
7141 1203
1404 1826
8622 4408
2718 7144
713 7919
5195 2859
8260 3907
8056 5504
6719 3496
9208 8898
7807 5052
150 8951
7263 719
8437 2413
9461 4319
3602 3539
2156 4172
2882 5077
4050 6667
621 816
3248 4646
7015 2723
2449 5328
599 1782
6865 4343
2278 3892
676 4434
7605 7508
673 121
9483 6886
5065 1587
4442 2728
7079 2074
4269 5400
917 8444
4800 5764
1592 9483
1132 3517
5018 932
1486 7066
5042 3997
3890 1129
6370 4902
2833 4080
6861 1138
2948 7682
2083 720
1204 4125
170 1921
144 2464
6538 7518
8938 921
3813 1106
5695 9996
9202 9602
7920 8864
2261 4542
7025 676
924 3663
8798 3119
6456 6112
6373 6629
2902 8169
708 9941
5625 1766
2544 1247
5014 406
2095 6163
3868 5311
1346 7477
6478 1839
867 8828
1694 5454
2839 5209
887 7375
8063 2117
4103 5797
4257 708
8983 322
7134 4581
1977 8651
6544 2107
1005 5399
1714 7366
8160 5398
6732 7242
8017 9662
6473 402
4977 8897
3175 8877
2087 6059
3434 4358
7037 4071
3597 6817
8586 4896
9590 9473
9117 6837
7797 4839
8883 3734
3513 4070
7061 1243
527 2353
4081 7524
8007 4405
7106 3755
2165 2707
3615 6166
8017 7765
1294 9400
3212 9362
8883 7639
9344 3101
9161 7560
7362 9128
843 2598
70 8614
1199 2274
1567 829
7887 9444
1074 3562
3382 1856
6165 4863
6404 4388
8682 3432
7246 9502
7618 4491
8741 890
4896 3469
4993 8
6731 2641
9321 9916
9950 2347
5410 7375
5632 7219
2018 2563
3932 245
351 1044
5612 7317
4185 634
7303 7664
65 2763
4692 6334
1557 2045
2937 2244
6297 8169
1909 1862
2147 8139
2006 1545
2050 2470
4919 4374
9292 1509
2858 6810
4339 5852
6846 3722
8100 4572
685 1828
4108 1909
5173 2481
2278 7526
6337 7559
9621 9968
4035 7867
4699 2648
6432 2163
9140 2075
4856 7258
7938 4589
848 2924
1141 9610
9630 7473
9222 2157
4752 3815
337 6319
6906 4279
3533 6646
8954 9434
5114 6863
7305 2133
1029 9159
9249 9839
5290 1363
9269 6019
5831 9983
6770 7121
8841 7811
1936 8142
3798 9378
1876 6492
1318 8348
9030 9077
9726 52
1945 3985
5274 7371
1548 1751
8599 5611
9885 6831
6634 5024
8309 2038
9968 3632
563 9115
4499 9260
3001 4454
7334 574
9773 8728
1134 8306
9965 9998
3757 2641
6899 9183
6043 8473
336 213
9955 1432
2183 4216
9591 6519
2825 4997
8529 3604
1721 9054
9368 7527
124 2924
1275 5734
1775 2319
45 3428
7364 4950
1709 3764
5994 6697
3424 7291
103 2067
2621 7507
405 206
8469 3180
3399 6583
2894 6974
4631 8352
1754 4793
6445 7636
3256 6957
4077 1621
5959 3749
1598 9521
8402 1902
4403 819
8797 4182
1160 9622
523 816
3930 9940
7961 1828
7586 733
6586 5074
3552 6627
3695 2343
9761 2034
755 248
6125 7325
4288 7387
2287 51
8210 2982
8770 7121
9894 9871
6052 689
9967 1666
6265 3296
3173 8353
991 5933
5241 3957
7290 3885
9866 6147
7723 9019
4669 8234
3505 7276
5437 7177
2012 2353
6607 9518
8874 775
1152 8456
2529 2968
2573 62
4392 6052
4559 4168
7378 4874
6209 1339
663 6911
431 3699
3136 8594
7245 1048
2223 2502
7153 5091
4697 606
3470 9866
5377 4728
6334 2711
3987 2176
58 6551
7945 6245
377 2158
8957 2632
2692 775
9324 7264
2354 393
9411 9355
3573 3542
9817 6639
6271 5181
8729 7439
8866 3599
8042 1193
403 6062
7084 460
4202 9378
4273 3878
8649 2069
2198 2220
5895 2062
557 7251
1943 9995
9641 3755
2842 2423
9876 6923
8029 2411
5440 5943
6128 8865
9096 2862
1781 9699
7795 5856
8545 6242
7669 1357
8402 5539
5569 9464
6989 2643
7294 7371
3155 6411
9477 4500
9519 7967
8804 6685
6655 2849
563 5578
7292 6003
9777 5803
1271 8121
7449 4736
2690 7772
2839 1740
1353 6906
3616 5395
8971 7131
7299 7165
1721 8607
923 6620
1705 3891
9502 6714
7991 6099
6581 4604
1353 2889
247 8307
6781 6163
9796 5297
5506 3715
7964 5960
1936 6368
9466 4174
6581 3113
1920 9533
2204 2362
9936 663
2812 1671
6611 5542
4346 8149
634 1809
9484 2200
9056 6827
6476 7
7240 3094
7285 2732
103 1509
5069 7031
0 4079
7870 4258
8121 95
1826 575
3175 7783
5131 7614
9370 9285
3261 6459
4391 3006
1993 9460
7726 3527
1366 5880
4439 6803
7278 8554
3022 7255
7794 4437
7576 8617
1947 1593
8321 8262
6398 3124
6548 690
4027 9917
5206 6890
2019 3705
6639 6822
4259 2880
422 9851
1873 2873
4744 6845
3714 6098
1828 8913
9349 1740
4550 6912
5792 1955
814 5239
1141 7148
3164 8235
9296 5639
6475 8587
7024 931
8791 2430
639 2353
1452 1707
8288 9808
8444 6119
6484 5703
29 648
8073 1826
5965 712
8064 1908
7042 6310
7129 7707
5650 327
925 8608
3228 7850
7160 5837
8514 3048
993 7402
5956 8906
8855 7024
5753 8069
1497 1918
9884 6384
3906 7098
2481 662
4688 719
2163 8423
8288 5348
587 5673
5671 4542
9247 5756
1071 8588
4516 442
1660 2399
322 9869
6346 3165
7139 2395
6629 5003
4102 4541
7733 4183
4167 13
6964 8808
9763 8285
2124 4861
7434 9845
6146 2498
4102 9668
3833 8162
1346 7896
8933 5462
4025 2344
1309 9723
13 798
5820 7793
16 1538
9956 1855
2642 5842
9567 6068
4455 3054
3587 4585
6740 8879
9777 5443
2950 6200
5787 7300
6032 5124
3328 8129
6479 9391
9221 1389
4667 9425
2065 820
5100 9669
8629 1157
9622 5943
9318 5655
6739 9772
2920 4204
140 7660
409 5250
595 6618
7112 6918
9456 724
1072 8724
9078 3269
3492 2281
338 9592
8425 7257
4031 3736
2346 509
1928 4050
8300 9668
2091 9164
976 3098
9638 7615
8830 6822
6930 8415
7268 7357
3224 2907
8026 4740
3204 6352
7792 9042
8501 2376
1703 8004
4381 7471
9865 2203
8427 3431
583 48
5155 2769
4061 8119
3271 5548
4867 9473
8405 5674
8419 6395
1132 6957
4465 3364
1403 4530
7868 3340
5480 2547
4016 6600
7498 7904
5430 98
6964 9880
5049 1486
2623 5249
4484 9095
8162 7063
5021 7
5472 4657
4537 453
9903 9087
7019 7513
9248 8463
4444 8539
9584 6256
7160 8746
3434 6669
5411 1544
9702 5675
3590 498
274 1102
4154 5646
908 437
4240 8605
7001 1830
26 7968
5349 5124
393 7174
1320 2861
4805 7651
8368 8048
6626 8125
2001 1164
3365 7792
4806 6563
5539 3682
7890 2781
8466 6320
1704 4953
6879 8279
531 7118
9435 4190
7795 5728
2610 2608
8549 3598
4505 2632
557 7177
5588 358
5170 1695
865 9454
6407 4308
4628 4015
1026 9570
4192 6209
6746 3335
47 2424
3282 6893
7630 1813
4812 5496
6504 6635
5356 2872
5885 8607
1610 5949
7839 9736
7363 5770
6873 1398
4685 3219
4077 5408
5125 8928
4008 6069
6135 4180
1539 9716
3465 8535
1065 7479
4981 350
9200 5002
7200 301
486 8618
9484 4531
8698 7608
4374 1091
1955 9036
589 7635
3265 8118
2976 3885
9486 736
4642 1059
1105 6160
3294 1087
3967 2362
8960 7064
2446 3138
7799 305
1783 8718
5798 8860
1335 9081
4785 5676
898 532
7834 6920
1589 4056
1672 1131
1799 1879
7984 9048
3466 7184
9587 3834
5748 2272
6180 1066
6325 6518
532 6378
1828 5343
4492 5838
6474 1376
1766 8586
5835 5682
2377 1670
9436 5784
9391 3407
3461 8156
68 6039
9397 7831
5005 5564
6860 895
5187 838
3834 1882
8571 2442
97 4913
6835 3388
6585 4961
9130 4945
7648 5306
8220 9058
4459 9994
1562 7052
7790 2420
8578 5125
9364 2058
8080 9865
1404 3498
433 4386
3424 4771
8255 6646
3539 1129
8382 6154
9910 6462
3441 6149
3286 1089
698 2095
9558 3747
8733 4792
469 99
591 4469
636 124
7264 3941
1830 9172
1906 5809
5116 8037
4837 7650
8700 9081
7825 1357
7925 6942
8351 729
8786 7561
8789 2753
2513 3286
4764 3685
5054 8958
991 5547
609 6977
5665 627
6624 7203
9435 8536
5522 195
8770 6994
3298 3414
497 7576
7356 2067
2296 4994
9015 6423
5857 7933
2735 216
7546 8312
9645 4759
7396 8876
7366 5903
4391 3928
7501 7498
9712 8666
9957 2050
7064 4905
1752 8709
9170 6527
2781 353
1248 4324
5833 1247
370 7526
7909 4845
9229 2773
1271 9123
6004 1754
2688 4103
4694 8824
3233 5020
7987 4027
2651 7749
2492 3948
1922 4856
1398 4934
8268 7773
5643 6819
268 6278
1261 2624
1398 8648
9784 6976
8606 7879
7587 5260
4994 6384
7906 7991
976 6527
6267 5231
2277 8577
4210 6111
1220 6548
5924 7634
6207 5963
604 6915
8644 1966
694 7584
1303 4846
5614 9036
3352 1605
8996 6083
1217 6044
4046 3864
3535 5894
6041 3258
1818 6714
2574 3270
6754 3982
2909 9830
5848 5854
7513 1223
6246 4604
5936 472
284 8098
564 8318
7240 8435
1995 8437
369 351
4704 4912
8592 7157
7523 9169
9276 786
4436 9205
2016 8616
4183 6935
4587 9499
9940 7044
4932 4581
3231 78
5272 9480
2911 2826
2162 7283
7725 805
8741 5934
6346 2531
5641 7904
9901 215
3664 1392
2760 7695
9491 3928
6374 9095
8958 1781
8099 9582
5716 6843
3479 4006
4304 5302
1921 8052
8762 9691
253 4647
7746 7804
1553 6869
4061 6859
5258 1729
8073 8406
2941 1353
7102 6496
5804 7772
8354 8561
3064 9001
7865 3635
1677 5218
8648 9309
3231 7471
6260 4797
6575 655
7036 3838
4330 2330
7008 7226
9870 5538
9084 8264
1689 4647
453 4918
9120 649
8478 8354
6936 7128
8375 3090
8293 4136
5699 8612
3789 6385
8037 7519
4072 8722
8375 9112
5095 9173
8342 8689
4701 4030
1373 5739
7198 365
9036 3517
2019 8595
6564 8557
5351 6705
4578 90
5218 1883
1766 2300
1023 9164
1152 5267
4283 51
6678 413
8941 4923
9827 9892
8684 8041
3119 1219
8114 2158
7287 9416
891 6492
5513 8037
6057 9462
1455 2993
6360 7455
8325 12
7929 3493
9864 7871
493 7574
5453 4129
2624 928
5964 8503
3903 7687
7687 9651
8503 9583
2314 7117
9036 2346
2385 7791
2418 6619
2080 6265
5644 4025
9923 485
3327 7071
4851 630
5409 8384
7522 3370
3875 6840
9091 2702
5449 4317
7865 9584
5138 3812
1066 8191
7544 3089
3215 6206
3110 3750
2907 744
7761 2812
4741 6414
1684 5904
6420 3276
6988 1892
3783 3177
9452 2134
5774 5789
4942 7166
8952 8461
8087 5713
7690 4961
1718 1363
7608 6983
4985 3465
2995 8049
9035 7164
5855 6585
4462 5050
1664 3828
5425 822
9152 5668
94 1904
8864 3976
5075 8431
73 8830
7258 1082
1405 8233
247 7126
4111 3421
926 714
8076 855
6575 3134
6916 2554
2783 7314
7369 4836
8292 3339
5603 1631
7868 632
9085 3
9707 6690
3392 9993
9551 1890
5385 3722
2769 4941
1850 773
3019 4954
4106 5312
2000 2149
1369 2486
3517 8044
517 8975
3066 2725
4130 9213
3948 7410
6761 9938
3098 9693
6832 4079
3722 2798
2498 6056
7352 6780
3754 7795
6930 6704
9169 4975
7107 2885
546 4113
1274 2331
1830 8793
7926 9835
5714 9075
3488 4676
9545 4985
9285 2660
7662 1351
6799 3682
3946 2423
5535 648
7942 5418
664 8383
406 7703
9643 8882
2594 6750
9099 8452
3266 4182
2652 8622
262 2164
3517 9328
1103 941
9647 1481
2157 1682
2801 8370
4646 1082
1770 5652
4336 30
9122 4810
1995 430
5485 6305
4878 5137
9796 5467
7612 217
3201 9987
5491 8421
2520 9948
5809 8064
4269 1442
7075 8791
6534 7633
9867 3991
7710 68
9309 4821
3026 4486
870 4183
4571 4613
7082 5855
409 6116
265 5432
1913 9391
3788 1753
8563 8410
9922 8727
2434 7186
1794 3608
8864 965
7532 4417
3726 3149
2048 5728
4605 519
9018 3334
3244 1154
5209 5692
7342 4819
3115 6934
4919 5733
2535 3237
5347 1118
5942 6295
2323 3613
382 5673
6133 8144
3677 2188
3262 9106
9886 6405
7511 5856
3387 6991
3985 9485
1696 6235
2871 8267
5079 5831
719 7530
4422 5181
5980 2750
3585 9074
9843 6264
8924 3679
5639 6071
9922 9468
8195 2951
8875 5896
4564 9239
8861 7190
9809 7960
7234 6641
6759 3826
274 2335
549 4001
7453 9636
1025 1628
9207 9150
3958 3574
9120 509
7019 2429
5039 5925
3376 5680
6971 6268
4199 8974
9653 3006
2269 297
2485 3697
3860 9578
1887 7522
2494 3454
1297 7902
632 3837
2925 6285
8449 7547
7150 4600
6053 8392
3000 779
4890 7922
9889 9318
3798 7434
245 525
6955 52
8667 6288
2225 4071
7346 8293
4814 3877
7094 832
9988 8021
8645 2116
1927 4668
5161 388
9897 42
3362 723
3844 3616
7553 521
7252 9855
4627 486
9902 1531
2632 7281
3681 4879
127 1002
1128 7179
1600 942
1688 6344
5445 4008
4284 6987
8022 5076
5563 9528
6368 8239
227 1342
8753 2058
3876 3728
3314 29
5003 8276
4465 7929
5737 4276
6378 8982
3872 7394
450 4507
7658 3305
6448 4731
4229 5214
9992 3548
1711 7893
5670 8500
7834 272
2867 5788
9803 2499
6902 3062
8821 9042
4970 4155
4062 4555
4664 9805
5146 3617
4689 8171
7164 2477
6218 2499
3126 1977
7605 4193
3688 3863
488 438
77 6347
3196 5300
1662 922
9987 950
865 3802
279 4668
4658 8568
7819 2787
4892 4873
3713 5539
4387 9464
1192 1539
9921 7214
5038 1927
9996 5248
794 3561
7809 7794
9375 8854
2607 9066
9038 5599
9506 3855
9051 1647
5546 3679
6857 3405
1863 8912
2549 3687
3843 1710
8620 3022
4397 7267
6778 9425
5645 9957
9104 8946
2617 8042
6801 3156
3475 4454
6985 6518
2412 2773
3147 2441
3674 3652
3461 7133
8417 233
1650 5194
896 4531
8556 4650
299 5147
1819 4612
3425 2330
2719 563
8361 1621
4198 5333
5342 6500
4346 1903
2628 8624
9130 2078
1333 170
67 4664
669 8376
3035 8209
3646 1418
6106 586
8817 8283
6918 947
2874 963
681 2545
198 5705
8193 7611
8148 2598
4484 2062
1053 933
6765 3009
5921 4310
167 322
1648 4513
8949 5679
33 4088
4972 8289
8290 5558
5038 1267
5277 4435
3892 5968
772 857
6983 4666
6137 8529
8107 5927
7148 1366
5768 5798
2033 3868
4438 9024
8061 8297
5796 5449
1725 8561
309 4757
483 2640
3784 647
3790 544
883 6037
9429 9434
1004 6392
8417 1209
19 8959
9812 1994
3070 1506
4073 1583
4514 1844
8984 7603
1660 7506
7686 4761
3818 2361
5111 4029
3624 2948
402 8715
9450 7842
1312 3070
8099 6150
7407 6817
7936 3192
5545 6450
5636 9609
380 7461
4225 5668
7350 3940
8160 5871
4655 259
8157 2337
803 8801
8674 29
8026 8763
8541 6301
2166 523
6641 5274
393 3039
7079 3271
9488 2196
2030 3966
9631 8208
2118 6034
7946 5342
4005 8580
9070 1188
5347 5985
3370 7537
8345 9111
1325 2819
8705 5480
8573 7429
441 6696
8145 5733
2362 6513
3740 2035
7648 4326
1463 2789
2517 1236
7273 343
4766 1235
1301 0
33 6348
640 6720
7777 3750
6174 7126
3608 3865
7417 7230
7025 355
4892 1608
9071 5176
4914 9555
6941 8580
8550 7671
5858 6908
3430 6723
3408 3379
4169 6747
1194 3832
10 9603
9264 9309
7985 793
4840 2786
9948 5916
1339 2208
1583 4379
8425 4658
1797 5593
9177 6909
4673 8188
4977 5520
9878 7684
7983 8294
4591 3689
9666 5128
9724 5613
4216 288
9497 7104
4948 5257
6861 2386
2827 7714
620 2340
9740 4833
3881 3079
506 3156
9644 2422
5143 4594
5452 6464
2782 1168
6793 5997
5997 8784
3944 2578
590 6612
2012 6255
1872 1616
9837 1813
5238 8110
4712 5893
5724 8139
7427 7636
2130 670
9403 9322
6391 4296
9196 2010
2066 3398
556 7676
7631 5844
8724 9126
5573 2717
2444 8889
7280 8285
4930 7336
9792 3863
9079 7315
4365 930
9686 65
2901 7262
2034 2044
5140 3749
6043 5798
79 3356
892 7226
1021 4552
9060 9213
9954 190
5582 3764
7929 3331
4304 5567
6493 4434
7773 2242
1252 5100
7703 4596
7337 9225
7060 3760
8932 8604
5420 9721
9048 7077
9229 3931
1305 8112
4138 1292
5993 3083
3239 8098
8221 1621
9801 3262
9744 2642
3230 3637
2004 2971
121 2672
3328 7986
791 5049
5978 9107
5299 5110
642 8934
1442 9426
6793 5696
9085 7718
8733 4202
6585 6519
4978 5721
5700 4153
2110 1692
5597 1698
5265 2581
8848 7081
5278 7710
9406 5516
9595 349
7285 3777
7425 466
9153 4356
1136 5693
3134 8928
7299 5820
8217 5401
1515 4610
8002 8709
8730 9380
7872 5547
2159 2460
9137 691
4361 3776
3500 5229
1097 8430
4566 5598
344 958
8941 310
8418 1129
9715 2316
9502 2199
8347 5914
284 36
8201 5941
826 6028
9865 7221
9826 9638
1536 7283
5827 5725
5094 8624
4874 3401
9832 5410
7164 8061
9161 2377
3235 5577
6608 2240
1972 3951
7890 8703
361 563
8173 7198
1615 4075
942 964
8846 4310
1183 7116
9920 2969
4081 3513
8272 820
657 2800
8817 3812
2106 5108
3688 417
8008 2016
3591 5959
1220 1052
662 7026
6017 2002
4976 9619
7681 3995
4616 5968
6276 1763
3494 4023
2671 9035
9073 7378
4021 5805
6570 3270
7413 2729
2067 8805
3967 8926
1627 2564
8516 949
2600 2855
9257 7639
9343 1033
5847 8943
5442 4439
7523 970
2390 9452
1173 603
4256 6903
1815 4667
6300 4216
5148 5469
2106 5594
1738 2048
4950 7241
4133 3774
9409 2149
6282 4561
9633 4000
1060 5044
6354 4961
5007 679
5479 9275
695 2717
7170 9623
9147 9632
4523 2045
8644 2980
1216 5842
2604 2137
2633 9547
4573 474
3975 48
9735 3650
9945 3868
9053 4526
5979 2881
4156 5646
3227 6664
2841 1605
4105 2614
9158 3263
7754 7610
6753 7378
2937 7394
2505 813
9531 7502
6110 9998
6029 6140
4500 128
9820 3234
2867 1537
7377 9563
63 6993
9559 3528
4319 8438
8586 8104
6043 5853
6462 2962
2327 3387
7897 1103
8150 1809
7358 8997
6621 638
1495 4749
1286 5790
2094 4262
6941 720
56 3331
2667 8022
2847 7791
4076 1429
9402 3905
2703 2780
3291 6394
6474 930
6053 7947
5975 4088
6391 3236
4238 8333
6745 7447
5616 5184
9715 3531
7182 5632
7829 2685
5828 224
3014 2560
8182 7686
8236 1573
6725 7538
5748 3622
4445 9292
8255 9212
3886 7158
8906 9312
4789 9297
8520 3262
8903 7291
7934 5142
9818 8693
8666 7133
911 2275
4001 6992
7919 4765
228 8712
2753 4947
5998 5433
2838 7373
9101 724
5858 5552
1594 3053
7014 4188
9702 7462
4926 2082
8979 6474
6116 6259
525 7591
6832 8292
1523 802
5757 5630
5766 638
7656 2737
6877 5255
6535 5513
6401 3113
8356 1720
2300 6542
2917 2019
6297 2628
970 3529
6696 9372
8706 5358
6337 8175
2041 8118
1602 6955
7362 8844
2630 1723
6797 1570
3252 2117
614 7059
5585 3165
6922 2820
323 247
2246 3850
9188 5594
6382 197
959 5871
8358 137
2266 5545
5681 5933
4383 8814
9475 4748
7481 9747
9333 8825
8664 7303
2933 5152
9777 7686
3767 8488
1988 7949
7517 4324
8171 8445
9310 3224
3821 9352
357 3497
9724 8825
9721 2781
4273 6416
4773 1586
5937 6283
5555 7179
9068 9104
4393 4660
1155 5750
3504 4390
9779 3460
1405 8534
2530 2673
863 9064
21 1051
2404 9378
7819 1667
2983 1067
5226 853
7306 1138
116 6437
3259 7898
5637 1141
8935 3923
4476 9683
3672 7716
1204 8127
4684 2132
5646 3738
8388 6089
4636 1179
9397 3880
4284 5707
1678 3786
4239 6832
5623 1599
2053 982
9810 7980
8183 9849
6737 8000
7153 2800
7044 2901
6762 9315
172 8530
4385 6093
9825 8653
6982 6348
9629 4334
4818 4405
2643 8558
3651 3349
2943 4558
9176 8787
1468 245
3990 8241
5276 1729
677 3040
3191 238
7642 5203
5347 6772
3473 2252
9883 9498
7062 5123
9744 7209
4688 8277
4985 8156
7051 8073
5960 2739
6481 4334
987 5383
4693 5056
7227 3336
491 6073
69 2962
631 5844
1907 5421
2753 444
3638 2436
977 820
4753 5725
508 3216
4421 5831
5883 7008
4213 210
7237 5548
8965 616
201 6667
8116 8810
6138 9822
275 4389
4646 4313
8593 3603
5781 8194
1956 9725
763 4322
5878 9006
6969 2904
3194 3491
471 4221
2681 1343
7558 7650
7102 9483
3493 6261
3386 7770
2675 5635
2852 8123
3531 471
3665 9816
3201 832
7996 5963
1303 3201
1682 2960
7532 6210
1052 2917
8226 1572
6842 2365
458 9074
9673 820
8814 1059
2640 8206
619 1003
9645 2905
1417 4689
2391 1552
1097 8652
111 8673
8970 1670
7848 6086
3463 1379
7088 6175
6145 6490
6346 1665
2004 7074
1514 5352
9800 5992
6012 8
2439 9740
7329 8641
6117 9852
7847 6337
7649 8984
7603 8931
5575 4261
8494 7141
6144 9661
7225 2599
5079 1635
1983 9855
7768 7268
7862 4170
2887 2713
7568 1021
1337 7353
6692 5322
3315 7660
6852 9917
302 570
1932 5990
4868 2097
4358 5025
5834 5877
9052 3329
7481 850
2331 4123
6922 3694
3408 1998
1470 473
9218 8241
2007 1174
7467 7573
6903 6979
9092 3177
3123 1092
6300 5581
5283 63
2405 9454
5465 6528
3932 9583
7739 6876
8163 9641
7438 1042
4156 1657
3585 9629
580 6119
964 5687
7833 7640
6596 5560
7722 665
2660 3228
714 7628
2536 4930
544 5055
6433 7536
3885 2967
7744 6420
1947 7020
8121 102
5663 4942
7638 9721
2187 4485
1556 2608
5827 6710
5214 1901
5049 7969
6005 3044
2567 3175
1177 607
8345 4105
230 5083
2916 1516
1533 6863
631 473
3502 1740
5148 3761
2463 3824
59 4509
7612 5221
9884 4659
539 7911
8758 5172
8170 1506
6489 8835
567 8937
1941 4704
2204 9587
1349 4002
8806 1264
6235 2964
7456 5978
7160 646
1921 5719
8200 2532
7294 4762
3992 851
8717 7001
5094 2808
5319 9145
6884 2339
7001 1269
327 4888
5624 9262
1906 926
1038 8652
5130 3824
6853 419
8518 3858
1935 497
6934 1806
4656 2003
348 6059
360 3095
5163 239
7313 4780
667 5483
9425 982
437 3813
4220 5870
6913 6467
4714 2614
7962 659
1216 122
587 9160
1118 1634
3753 5870
4100 3588
4604 1918
9138 9542
8330 2893
8810 2817
6354 1952
4004 3265
914 4538
5038 8169
1830 4421
4446 2467
1774 9247
7142 8853
8938 9964
3026 2575
4596 1609
8896 737
6858 5969
7517 8122
8727 8408
5224 4715
9693 5236
5942 1130
66 108
4353 386
1668 3337
9565 3543
6425 1257
3881 4215
8455 9426
4702 8172
8461 2051
5431 8366
780 5990
3373 2422
2374 546
8046 9854
2945 4958
9194 1508
3464 9471
4841 9196
6575 5506
6956 7477
6992 6309
6639 5236
8663 95
1319 5356
1622 1680
446 9152
8342 1811
1736 3071
8491 4865
2320 5982
2466 9759
6149 2179
4777 6695
8395 1277
5708 4340
3711 3249
9384 1974
5498 8432
4493 9158
8993 2724
8709 7844
7783 8953
9163 4652
5632 3944
7641 7558
9027 4590
4531 2253
8026 2300
2602 9079
313 1112
4734 5603
9673 2944
6531 3538
5712 4302
4446 6651
1935 7463
3516 5490
9880 9886
6287 4755
1257 9030
5958 6056
8537 5876
5816 8651
7006 2947
6061 4101
5497 321
809 5140
1695 6374
2390 8859
916 5268
6077 2915
358 3082
9376 8127
8771 9347
3863 2910
3064 7692
9845 1034
6408 4979
6710 5853
4485 2075
5463 7827
4126 6299
2130 5994
6708 8534
5573 2182
2170 5669
9822 2657
1898 8129
1845 5631
8190 333
6790 3088
5873 8831
281 4639
2947 5919
2800 1591
2002 3272
5244 3238
4876 3324
236 3785
286 6053
7140 7638
4519 9685
5558 9209
1086 7470
2959 7462
6124 4878
6736 8845
8792 5075
567 5676
4990 5996
2026 958
2891 1503
3984 8129
3975 2967
9852 6070
4015 934
8967 1569
4909 6728
1144 9855
8695 4568
2274 8136
2113 6219
8234 6378
3456 3290
7060 8165
7117 4238
3657 9637
4705 1828
231 8330
8963 1440
4053 9011
1883 9645
8977 1017
8450 7458
9112 2296
9944 1841
9474 7160
8530 7593
3159 5930
302 1483
6178 9693
3060 4777
9152 2705
4267 5114
7157 3331
8420 7323
5084 8038
4663 5040
8712 1859
1433 6455
9931 9479
8119 3789
2818 4059
1313 7050
7868 5137
7526 9176
6294 2202
5735 7105
5924 4596
7947 7542
1389 4401
3695 5148
756 5811
7895 8080
8830 2291
6470 1739
8949 9216
8934 7265
104 7733
1860 3508
2364 9092
3355 661
7524 1614
4763 314
1096 8292
5510 875
8661 4296
3639 8551
4481 2412
4095 9700
3177 6764
7917 131
8841 7576
9241 9089
999 1033
7422 6921
6716 6805
1138 8087
9360 7198
1667 2329
7217 3908
7439 3694
1055 267
6192 4688
9944 4615
6802 7053
3483 7172
4946 401
3979 9762
5669 4464
3522 493
1843 5231
5855 3450
5854 930
7837 7070
1618 2304
3506 7321
2987 4338
8241 3263
8254 2811
476 5479
5333 722
57 3533
9370 6730
5840 1250
4894 9090
5678 1267
7511 9896
8921 8183
4388 9081
8785 9777
8399 724
6223 86
894 4812
7597 5960
5109 3164
3889 5041
9355 1845
2983 5580
6647 9954
4795 3580
1960 4781
8528 2768
9406 6442
4159 1262
9928 6785
2495 4733
1307 1721
4701 3039
6235 6400
4808 4970
9209 2743
4716 9320
649 202
2954 1140
3407 61
5648 6757
5766 2418
4282 1272
8604 3592
4836 5941
126 8429
4346 5076
3403 6739
7311 4712
8999 9889
4038 7545
9199 560
7441 544
5635 342
4499 2587
8149 7424
9684 2784
7069 5719
7729 8622
7878 8229
3421 6943
3977 3298
2392 4922
2772 5959
9449 4502
4326 211
6939 2328
313 3291
4306 157
2253 5948
6969 4803
3997 685
9386 2977
7296 4096
921 7096
1215 6375
5837 7233
3278 9475
1835 9861
4984 935
640 524
3531 8395
5707 957
8541 5965
598 7636
1258 5089
2495 3793
4507 1497
1559 61
5413 1856
8358 6712
9211 4449
3976 8670
2928 5893
936 6424
6829 5000
824 1406
9499 9821
2266 8426
750 5736
8014 8439
9295 2633
7113 2345
4356 4281
5950 1335
3709 1916
3675 6819
2846 3718
8291 4730
5684 8811
3811 8454
9350 6895
1300 4528
7450 6140
9740 7699
2224 7057
4704 7773
8015 2727
7114 5391
8490 8111
3907 3923
7999 2199
9534 1068
7596 1644
4177 6985
6702 218
2896 4212
4039 9198
3912 3607
4539 1612
8036 9566
40 6284
6096 3479
3215 8448
3960 8774
6163 4577
1723 3797
4029 6550
3602 313
7945 1686
2903 0
5361 3365
1955 5910
9284 2827
7592 6502
371 4050
7384 5917
4104 5918
4144 8395
8259 567
3477 8659
722 4241
4953 2290
5596 6573
9498 9836
3866 9064
1736 4577
402 4689
3216 4447
9842 6328
7737 9537
6342 2066
5034 7205
3782 7337
2919 3596
5630 8080
4694 5290
9691 8005
130 1917
1583 9743
188 6266
530 8758
1448 3075
7749 5697
5995 4820
8451 3947
5647 5693
4007 6799
3440 2506
5956 4931
4358 286
8309 3265
7296 3615
6146 9903
4617 1450
3755 4800
6458 1527
2692 7572
9372 359
7309 6650
392 3082
2365 9430
3500 2957
523 3726
8076 5520
4088 1550
1315 5286
1852 2139
5189 9333
4843 7509
4931 3950
2660 8005
3129 8358
7718 8438
7943 6707
448 5616
5178 3026
9187 7663
1287 3845
9461 1522
9443 2362
2357 3471
770 7734
3718 5812
2346 2626
3291 121
4963 8635
8749 322
9533 9229
6108 5136
9742 122
3727 3094
7111 2675
1273 2040
7377 5081
8699 8432
9177 9758
8096 1275
7030 6949
3304 64
2867 7304
3108 4561
3485 6535
4315 7226
1370 5870
536 9254
8964 6000
3457 7296
4433 9536
7683 6023
4704 5614
6383 2859
3170 5022
3771 1988
515 2180
1798 4739
8852 2235
9852 5103
5334 102
7122 2145
5892 3150
2527 2156
4797 4329
7320 4179
5453 4716
3750 9615
5176 2215
1269 7816
5154 1039
7387 8096
3949 5417
6515 9615
6960 7249
1366 6553
9985 5530
2966 9948
3055 8976
1158 1894
1230 5306
2216 2723
8607 4060
1844 835
7804 1528
7490 7962
5405 5732
3253 5106
7658 8791
468 9275
6429 8604
8246 4034
6514 6473
8042 6639
7167 9482
6688 536
3354 1414
4727 1187
3003 5428
1523 1177
9664 6054
1930 9302
855 178
1164 445
1323 3266
7357 7961
8605 706
3777 6990
542 2215
6722 6397
4631 7534
2705 4678
2806 5218
7783 6040
6805 3815
6406 8884
7864 228
5905 9840
4915 270
9604 4695
4038 1934
9905 4381
5110 3861
4905 3424
4857 1702
9140 6715
6653 8289
4013 1780
7813 7392
9020 9973
5281 7211
433 2568
2457 6790
2282 2891
6823 4314
9249 4019
3518 7168
917 7452
218 4505
1060 5646
9189 7708
402 6284
5331 3607
200 5222
2508 3046
4395 7999
1155 4882
2616 2521
1303 7840
7850 7707
4341 1482
1303 7636
6312 5339
6861 3738
4703 7012
3060 5435
153 2940
688 7333
4719 9732
6966 6001
8957 2872
9960 3577
975 865
7519 730
469 4295
6404 3573
7874 8900
6139 4864
4471 676
9452 426
2007 2552
2447 9643
1142 9242
1444 713
6211 7611
1244 439
223 5288
6071 9304
2025 8123
2475 4817
7399 9214
8157 5805
2403 8634
3248 2474
8623 1277
839 0
5879 5770
2920 8994
7938 8619
5152 973
9716 2833
2189 77
9907 2604
9755 1967
8900 3318
5118 1617
562 3049
7161 6294
4474 8865
4073 8918
8453 2508
1250 9505
3987 7694
307 1780
6032 3698
4040 404
1046 4426
7852 9207
6256 6279
1401 3235
7797 4132
238 6574
7401 8301
3036 4756
7964 3069
1692 4407
7821 661
6592 1505
7583 7400
9109 8997
949 2851
4946 5907
621 5290
431 7546
983 7965
2309 6471
2353 2618
8830 5356
5936 2444
5433 6541
8541 3378
4316 9619
7161 3994
7702 4227
1614 4379
9456 9785
6644 9218
3231 4829
8141 420
4490 424
8062 8835
5618 944
9082 9212
6594 5999
8316 6621
5508 1138
5009 7491
1870 9309
9711 4993
5767 6108
1830 605
8890 1956
4194 1684
9222 7143
6122 5950
2815 5879
1832 8332
4453 8642
6949 190
5326 443
6256 6241
947 777
7595 4229
4756 1033
2307 3645
8585 2223
3274 2352
9014 7418
1266 2460
4505 4965
216 8682
8899 5737
1418 2028
9921 7536
310 3907
231 3892
3841 5470
9064 3494
8529 1692
2868 8651
2584 3698
286 2417
3885 4552
9672 2559
4584 270
8989 8282
970 5501
7995 3604
3527 792
8908 9214
6801 8592
2015 9918
9506 1046
1448 1564
1446 5132
4896 9175
9122 5477
6362 1317
7733 1131
3540 4599
9657 8383
5126 9786
8982 5162
6554 362
7092 5410
9959 5665
4954 4457
7484 9741
1736 8912
454 2784
5789 8
1662 5345
8806 8841
3106 3696
9700 7051
3646 1014
7832 2706
3831 4282
4062 4423
7540 2113
9812 5232
4505 8797
533 7362
3153 2790
294 301
7239 8870
4507 1110
9745 6013
9831 8242
9642 3477
2511 3645
7659 3040
7226 2027
6501 8014
5096 8438
2365 1163
9371 3206
8740 9797
2470 6798
6546 9547
8464 7811
7871 224
2277 4280
766 7791
170 4276
3430 2681
2506 1877
3341 6026
6258 1966
2499 3385
7558 908
2217 3790
1022 7638
4621 1358
6576 9891
3091 1089
3531 9173
6641 1605
7965 4083
2983 2619
4386 2740
2953 5903
6809 2663
9834 6438
1061 7424
39 7376
5373 3085
1549 5772
2672 6710
9639 8795
2633 5251
3529 7388
2858 1943
3682 9559
2088 426
7601 3893
9555 3013
4696 956
4784 6886
8213 2201
6565 6980
8754 7110
4081 636
4603 6459
6213 7001
1112 4032
7363 3795
3270 7713
9969 9422
1542 762
3914 2195
8209 4050
7650 6524
1078 8692
1699 6120
706 2391
6745 9310
6747 5472
5510 8559
2217 4254
1890 2068
9377 2131
8899 2934
9440 4258
9877 1261
1728 8483
9223 3232
3162 9636
7154 1019
2552 4650
326 7631
6485 2021
418 1683
9188 5761
5776 1112
3546 3336
2555 6794
9033 8789
4558 3266
8233 4356
2650 8824
5493 7238
2051 7350
8400 7968
4664 3976
1602 8690
3933 9968
8691 1717
9862 6693
7746 2622
9123 1692
3474 1807
5427 2735
4610 1469
2678 7689
2535 1324
691 7124
2825 982
8978 7449
9559 4922
311 5462
87 3873
731 4718
7214 3309
4041 7563
7240 2138
7922 5022
2245 2950
2926 4647
2401 3117
608 1264
798 7532
1556 7859
4735 5031
1991 5420
6275 5943
4115 1898
7420 1563
1606 1679
956 5839
9230 2614
2860 1850
4051 6452
4424 1441
5472 4487
7673 5993
5808 1611
768 5178
2721 8091
9292 9630
7416 4405
7673 3033
4273 8454
8565 9299
2000 2773
3952 1136
9673 9948
3791 8865
3464 6400
8189 4564
2542 7409
1679 806
4858 2749
9890 5624
6351 4608
2708 7247
5431 2774
7339 1061
7316 1408
2870 1246
7086 3973
6382 629
1983 8720
2952 6260
1463 967
442 2963
6508 3356
4055 407
9361 6908
4201 6572
7906 6628
5930 6109
2697 4932
3007 6528
7505 2652
4482 5183
1093 3266
4986 9008
6051 9670
3001 2039
2914 397
2114 6273
9325 9001
420 7169
5979 5994
248 3080
156 6909
7363 7469
2995 3842
3960 9292
7147 4412
9949 9243
3559 5682
4712 5623
5929 5906
1287 5437
3982 53
9417 1124
8357 6110
6315 2904
5242 6444
99 5602
100 3070
2722 9922
7319 6854
9626 4879
5206 8582
3885 3301
2457 6247
6125 8941
7222 2937
9189 7674
5295 2085
9763 4015
5049 6478
928 1647
7204 9397
4782 3756
1403 4492
2093 289
6458 3122
233 8923
3319 8269
1684 6722
8831 822
9451 9685
1870 3422
392 9107
1081 3119
5380 1030
4620 4477
7974 5930
9515 3179
8109 5100
9623 3209
342 5197
4912 1627
8778 3014
913 8422
8550 9557
3708 9459
3576 5285
6611 358
2740 828
2576 6296
2673 3373
3890 6879
3666 9438
3285 7456
4340 7061
4844 2955
3921 5451
941 5381
5055 5506
4089 7731
9225 8467
1942 5874
3431 1104
9659 2275
2540 2664
7272 4867
92 8920
4848 281
72 9631
8532 1593
4472 7514
6141 1382
8323 4878
7013 820
3710 9957
9138 6090
5775 2447
3040 4726
1388 8521
6714 4043
2453 2923
9733 4598
8107 9468
5401 4174
2859 5808
7549 5626
11 289
3470 7724
848 4667
4491 5019
4346 1361
640 3198
1628 3150
4205 676
6236 6022
4115 4273
9251 9947
2026 2323
385 3995
9394 9603
2416 9846
8676 3542
3491 8365
2323 7171
2396 3942
3445 9167
3767 956
6088 8260
9078 6083
7667 6064
4265 7258
9578 6570
1385 9993
3709 6015
8962 2346
1230 8058
5019 8724
5277 3651
4707 242
8514 7150
6330 3122
3861 9860
1353 1401
8733 7183
4783 7219
340 7534
8889 9417
4660 5497
2780 9643
8848 3710
4274 8317
577 8793
3727 7967
6076 6915
5455 8595
6668 2081
4479 7171
3745 174
3732 4299
6836 3571
6171 6834
6709 7890
478 3846
4676 9090
1968 8181
713 9476
7286 584
3568 3540
4609 8634
9748 2251
5532 1974
8727 7345
9390 9870
507 2336
7997 3512
5856 9924
8416 6995
9579 6639
8510 1703
9535 8921
6504 3547
8906 4
9184 7632
7599 2349
7413 2522
4523 7902
8988 4318
7222 4417
4540 1495
3832 2751
3398 3507
4214 1815
1488 2634
4984 6842
6508 3615
6616 4818
25 2863
5240 6355
3302 8503
2752 3322
4270 2802
8387 1794
1653 5759
7614 9813
925 1169
7244 2400
645 800
4697 3087
3199 5325
6737 9703
4828 9778
5379 5250
9991 184
3687 8341
1771 2274
2233 8862
6369 1799
5250 3241
9850 173
8930 2370
8773 992
5612 8644
6029 435
3213 1328
2322 4285
7834 3578
3539 9604
5781 3437
8069 3272
4603 4750
8051 2405
8478 2989
7842 7036
8874 8232
9439 492
7238 5403
8343 7290
7833 3234
450 9199
8471 8959
6877 9152
6086 854
3955 6265
1377 7237
3096 9491
2216 9985
1490 5221
5570 1660
3156 2662
4784 4307
6056 5360
1887 9780
3272 2000
2762 4540
3272 6586
890 6350
4132 1050
4859 2768
9458 6325
4220 8288
8436 3438
722 2900
8700 4212
4633 5086
2412 9961
1577 7118
1209 8829
9169 3761
987 7544
5586 8696
132 2487
1626 7859
6842 9758
604 3036
3075 3324
793 6929
4620 7324
8365 1913
1430 1176
9176 2935
4861 5944
3847 8476
8502 6119
4158 7399
4037 9942
4869 1320
5576 5338
7052 2594
6612 3777
1980 6718
8938 7266
3516 8956
9221 402
8236 5285
4898 4115
3282 9772
3980 2919
6543 5954
9492 6882
924 5465
8362 2701
998 848
5194 9831
1588 925
9845 1206
9425 5194
7803 75
1402 54
1874 1956
8005 8363
5462 3739
8123 7967
9693 3435
677 1396
3318 3586
4559 475
9773 8962
9627 7046
685 3186
5988 7370
4467 6914
6173 835
3610 5884
8038 5697
2073 8869
1770 8817
8613 9554
9432 2614
6868 7016
588 9094
1247 1180
3338 8705
1971 2649
3126 172
2533 4511
3986 2988
7343 1592
805 8734
3292 1879
613 3204
4811 410
4497 1545
899 1726
6813 261
8132 6865
3514 5580
4309 7154
945 8192
1824 9636
9612 2631
7638 4738
2626 8744
6256 5213
1117 9071
7619 1281
4506 1136
5359 2998
3164 2520
421 8881
5085 7886
7554 9306
7874 969
2060 5721
1529 7835
775 6986
7282 331
6181 5055
2583 5425
7032 8725
457 5594
7061 5934
7849 5451
2823 9485
8608 5010
4765 1809
1932 8407
4993 8601
3047 2738
8086 5093
4821 375
9741 7725
906 4764
8980 3083
8789 4779
6044 3923
5517 9330
9621 5619
3543 2872
5544 181
9617 6490
6705 3921
8526 5475
4022 847
6926 9291
9481 6171
442 1878
2150 2753
9049 205
4089 9432
3617 730
4479 8603
2685 9228
3687 5090
1367 9243
1638 1215
1235 9829
3683 6660
2808 6695
2405 7858
364 9607
4679 2445
3210 1454
6693 1003
4387 4339
9287 8363
9422 4515
4071 4610
2461 2620
6511 9728
9182 7000
7716 66
2746 6104
6825 4512
6558 6950
9666 6470
4931 2684
6342 3200
3996 9362
9167 4959
1099 6834
6642 8008
8369 1784
5669 3868
545 5446
3106 1618
3407 3844
8295 1119
2442 8852
5622 3064
7138 8388
3696 3231
3928 4812
2601 5225
6978 4407
4968 1600
7127 7566
1902 3620
7837 1744
5632 8124
6860 286
6306 3290
1294 1602
6898 4749
1254 8208
1198 9376
1963 5109
3508 63
3871 7596
2276 1338
7040 4192
2435 9778
2682 9275
3375 8625
5814 6492
5866 6806
564 631
773 141
3424 2519
1626 3725
7764 7407
8902 939
2218 2622
5489 3421
5708 4752
5883 2969
3578 1137
5093 1946
7271 5276
8345 1540
4705 7810
1816 5759
2859 8502
8286 2272
6105 325
4051 5030
54 6340
1232 8703
261 7409
2284 4411
163 7755
6963 9544
8085 4062
2850 4204
1908 662
8849 9618
5121 6037
333 9627
1206 8991
4145 9589
5883 6034
7296 3466
4610 7620
3874 5983
736 7749
7881 5245
3624 3107
4606 9229
6261 4587
1277 5291
899 445
5114 2125
3371 7209
9262 9581
9578 166
3106 2690
3964 2162
2854 6077
2874 9555
4639 4143
7245 43
3435 1944
8158 8314
5362 7290
9437 1805
4315 7420
1529 6597
2008 7530
5538 9587
1375 9290
2937 8015
69 7001
3552 727
105 3908
8499 5412
4699 5107
7347 9113
6599 3487
8555 4085
9170 4997
5937 7303
9648 9826
8731 8385
7615 4910
7834 4917
2723 4469
9400 4861
4767 1760
3578 1447
2941 9155
9553 3116
8138 2399
9315 7650
7121 871
7953 8071
9138 1552
9045 2926
6559 4034
7643 790
8467 203
6248 726
879 6899
2155 245
7682 5898
6174 7477
8965 9533
4936 4880
3792 3607
1827 3274
4060 9780
5910 2806
2646 209
4910 4421
6461 7375
1166 2440
1496 1159
9887 7463
9351 3911
7301 2443
7140 7946
7009 5813
3093 7222
1420 6450
3650 9615
5543 8405
5629 5049
5180 7204
4531 1067
2464 3232
1437 8222
935 3515
1699 9012
9844 5742
2830 1526
8620 1506
1272 22
1942 4300
8323 9491
7473 9814
2594 1483
3826 5848
7000 6043
808 2134
4171 9809
1518 8643
8980 290
7756 8707
1111 4264
5402 8430
6729 6579
6499 6720
4930 8529
9377 6125
9009 376
6763 4706
6470 5983
8072 7318
9920 9229
3470 3200
2084 6905
5580 6434
3926 8784
9920 5427
1607 3782
4006 6475
6732 4259
7437 8151
9463 8127
5287 796
5908 2152
3166 5320
6081 9727
2302 6612
5706 4371
7826 6773
2177 8022
3790 466
3751 3724
7591 4496
6313 7409
9514 5001
8986 3002
416 8156
6617 1475
9340 9086
7375 5976
4381 5837
5991 4656
1415 3140
858 9811
4184 5819
806 444
8394 2662
1194 5113
3060 4190
6721 3199
6797 4077
6536 5611
6542 7923
7198 2243
9234 8917
4087 6091
1646 2101
2652 1172
4935 1868
2531 4062
708 3684
9607 2590
513 1331
2004 1643
7068 2177
4641 8499
8384 4346
8410 9498
1100 1135
5480 9298
9664 9815
5456 4966
9939 9395
9349 9936
3731 784
282 5563
7050 261
3368 8466
6873 8827
4472 3127
7476 5533
6350 608
6521 1797
6707 7740
8751 4566
7693 3348
8663 1944
381 3756
4161 9901
4932 2248
7502 4082
1187 6027
4877 1650
2622 9931
9413 3908
8811 929
1166 277
2509 2348
5388 4688
6216 7493
7609 2138
1536 5581
5885 7226
7939 2882
2284 2725
3967 7201
3485 1816
417 2901
5363 8542
5739 7421
3962 7074
3601 3068
3839 6286
8257 7194
8844 7857
4860 984
1887 3216
5301 9697
4486 7075
6997 3339
3529 6320
8777 2013
4163 1605
5193 3531
1678 7166
6693 5788
2747 4247
8558 973
1147 9148
4750 5678
1869 9052
5861 6569
9764 2475
1681 1476
2356 4774
4697 828
7978 8882
4790 6433
3365 5997
5006 2081
2100 4486
2319 3180
556 1561
3429 7255
1366 9970
5336 9596
2116 3715
9653 6958
1710 2241
1990 9722
7790 824
2225 8857
4995 8430
3194 8434
6902 8245
6294 8300
1767 2186
7133 8561
5554 3067
4971 1486
8596 9430
4931 6536
5156 8972
3872 6552
256 3700
9802 4055
2725 3067
7569 2772
4842 1818
4185 2210
3354 896
5011 7007
8700 5982
6579 7935
8337 1441
6531 7000
6425 4362
1460 7621
4434 5114
2411 558
350 1401
9328 1247
3135 4245
6383 1956
3554 9768
3880 182
342 6578
1081 2271
4823 885
4310 9898
6587 1488
3826 2982
2248 4947
4829 3817
5728 3713
2282 3201
219 2164
3340 6518
7808 682
4540 7403
6559 5308
1818 3
5533 3360
5213 3248
7596 5444
2488 9078
678 4875
8732 3951
4759 9845
3636 9095
6325 8518
9681 1240
5517 920
5842 7152
7226 8396
4095 1117
3796 1068
4018 155
9363 3116
1235 5525
9359 2879
5999 7143
278 9558
5748 8164
200 4755
220 8515
2467 9452
4803 4004
7622 4491
6982 2833
596 1297
1994 5488
3447 2666
8262 7860
5325 1900
9039 9666
9172 6602
622 2514
6494 6662
3647 2476
4625 7858
6969 7633
5038 9399
5733 4140
6171 9711
8125 3709
4031 4092
4770 2581
9050 2732
585 5441
1151 6020
5620 669
5070 8169
5241 1289
434 285
4385 9769
3028 2455
4879 9654
8938 7611
7562 2050
3856 9369
1049 7064
5009 8098
2475 2610
1586 9252
8464 6421
11 3638
6039 8263
1523 3135
2356 4177
1079 306
8141 3775
1782 131
4050 9316
4460 2381
2343 346
6393 8028
16 9831
5278 4597
344 9483
1299 1846
3325 902
9223 3976
1403 8134
2709 5825
51 7470
1200 9862
2792 2835
3355 3709
87 9120
3176 336
5216 9049
5706 2958
661 8892
7320 8267
9710 1059
17 2248
9878 7014
5319 269
9477 334
186 5523
2267 3413
4482 3006
9638 1848
7159 3544
7152 3102
3120 6761
425 9970
3687 7521
3644 6284
3750 40
1232 2847
1200 3772
1933 1787
8254 5738
3385 6850
7316 4409
6751 9336
3520 8111
4378 8835
9854 5495
8563 8482
4843 5242
3509 1034
2820 4394
8649 5708
3081 7326
4547 6274
7092 3111
9640 7016
6704 1426
3755 8135
6072 5974
2386 4428
3358 5901
7993 6728
20 8479
2275 4864
7690 1177
1625 2357
4676 3005
5969 2302
5607 8147
1307 4305
2529 5581
506 7377
6146 8937
9774 6896
2619 591
8666 3254
1569 4186
7463 8954
4989 3684
4852 2125
8723 6361
4504 4150
3389 3965
198 7255
9428 4506
860 1375
3147 3762
9944 1657
9655 4227
1110 2866
3375 7096
5483 7032
7388 8988
9095 4029
4748 1737
3979 8683
2810 5551
8135 34
6178 9744
9758 5676
1859 8727
6617 9857
3077 2169
196 5414
9860 629
4153 3761
1625 5989
3175 4375
7395 6950
750 39
7191 9523
6618 8463
881 1533
6378 4876
5206 7608
284 5775
3832 5391
6951 5434
2325 856
6084 3915
6316 9409
1817 4511
4732 6889
1139 4376
8491 5084
4912 9193
3952 3191
4903 9054
7359 5689
6116 5336
9070 698
2900 6598
1560 7173
2185 7119
109 2337
8186 8396
6611 5102
379 8227
2718 314
1284 7261
5528 1683
9712 6873
429 1750
1316 6794
6805 4359
474 6699
2222 3258
138 6243
2822 2637
4228 772
5186 1912
8252 9901
8558 9997
8114 5295
2850 7354
861 2812
1773 5630
7155 619
8960 6871
9719 4009
1513 1641
6384 1593
6603 2923
258 6876
3350 1580
7020 9964
3897 2259
8525 2658
8688 7188
19 7991
6667 6382
3794 7416
2142 3105
7533 4546
1854 4077
259 7629
207 2469
217 9461
6615 3650
2865 100
9725 7733
8548 347
6948 6004
465 9759
78 9126
8930 4048
6543 4953
2327 2404
6559 5520
1857 195
3803 3915
5533 5499
7545 6830
3306 8868
3734 5700
1161 1950
9535 6316
4625 6774
5000 689
9276 1896
7419 9191
7186 8430
2784 5089
5408 3734
2437 3904
9668 785
9547 2646
9815 2184
2990 4009
9991 554
5278 5314
2672 6368
750 3541
7063 7697
9209 5355
3235 2993
1292 667
9288 548
5939 1048
9969 2129
1876 8980
6617 8385
9298 1010
7655 695
3295 7288
1908 3321
1858 7811
7673 5580
4848 21
9833 3135
1514 1417
2473 6190
755 1431
6040 7798
2221 9539
8127 9976
3391 7824
2022 23
4692 2642
943 6427
5058 433
3987 3384
5478 8601
7720 7208
7257 1535
572 741
4481 9614
9857 7539
5959 638
7797 9946
9536 1478
5516 5041
2010 1625
1596 4693
741 5980
1829 8778
3851 4503
5755 1129
781 5738
2018 2743
4252 4647
9252 6502
2641 8541
3089 6532
8121 8293
3796 4417
1361 9957
2718 7279
3898 5425
9218 9442
200 8514
2220 1446
2333 2111
5150 3104
2349 1336
233 9101
1773 1569
3012 9894
685 9275
1724 1509
9663 2350
9641 4337
2036 6931
6872 710
5698 7215
7642 3632
163 6297
1832 8533
6844 7292
4129 6018
6216 8167
1267 7086
4337 7986
865 6251
459 6156
2583 7434
8877 5999
2759 990
716 4229
4750 7449
2998 1700
9065 9459
248 4164
2014 2026
2973 2946
2200 5955
2723 7837
3058 5629
1275 1885
4687 3702
7501 9075
7380 4904
1094 3292
9539 2667
527 1647
8597 2206
7979 9782
6402 5248
3964 2841
8928 617
8659 1061
1734 5014
8178 2364
8348 1056
2128 4534
6305 46
856 3686
6985 9633
9934 4135
4209 781
6368 8293
9775 8120
9012 3656
7243 4171
2484 2298
3460 9781
8162 4154
8512 1407
7978 6281
9716 8602
9491 7058
2764 1476
1745 3239
6008 8714
6810 2102
2916 3176
1442 6554
4370 5771
1206 3966
277 4679
5234 5644
3181 7908
6143 564
5802 1443
1117 7800
3150 5183
9128 788
4980 3007
2538 2811
2263 9112
5101 9836
6849 5646
7979 5667
5649 4347
9716 4348
6295 9193
8443 3731
2927 6265
5565 711
2855 8742
6159 4957
3727 8195
9300 7936
5388 7105
6488 9750
4665 1165
4347 7277
7035 2422
317 4261
8479 7868
6018 3559
2467 4500
5907 4067
2846 2312
6401 4632
460 1563
1430 4347
761 7322
2890 5098
8169 494
7887 7323
4242 9742
1817 9246
2520 4034
3949 2497
7779 2754
4117 7698
4846 8524
5822 319
3166 6981
4638 8713
6445 8311
8421 503
6834 5896
4159 7895
8463 1755
962 3775
3591 400
2459 1378
1289 9558
5167 5902
4574 9377
7825 5426
6987 695
9967 3420
3859 3284
3033 1696
9181 9389
3072 3141
1693 5521
6534 3978
4977 860
9335 5526
2138 4133
2323 3533
4581 6247
8424 670
5973 5901
4456 6105
3007 1382
6124 8798
4546 3609
149 8241
913 6290
9322 7881
9214 4585
435 4472
9828 6676
561 4708
5265 9843
8743 2500
158 2585
9833 6071
7213 2586
5008 3517
5950 1296
8376 9673
6590 5512
2342 3518
8268 2441
536 6599
8297 7332
3899 5539
7308 7351
5699 1917
9359 9036
331 5817
6393 4271
2857 1035
9625 1900
749 6273
587 4534
5110 3777
9082 3493
1073 9837
9891 9527
2383 4898
6818 3303
4305 2033
2460 9610
9507 4116
7896 3654
6306 6658
7082 9037
3771 8782
4204 2743
3586 1914
5995 2415
3147 8841
668 212
1401 4417
9370 159
4401 4751
2222 7204
5482 4917
5881 5393
243 8703
9808 4371
8608 5363
8820 9800
1203 9286
6508 2368
3667 4059
4450 9197
3212 6102
6200 2745
8643 7311
7989 4950
3971 9538
6111 7392
6857 3475
6694 1183
9032 3664
5355 9321
1322 7438
5596 5828
6276 5173
9981 9577
4533 8776
6451 4116
5051 6220
8160 984
5138 3178
9255 6063
729 4383
4539 5727
7170 5888
8792 9961
8022 7419
509 3162
4771 3625
1349 7652
6004 2768
9665 2103
907 1173
2067 601
5917 382
5882 261
5306 2390
5013 9759
2567 7129
6885 501
2810 943
4435 1378
7281 4886
4379 3996
7872 2903
4212 6349
805 4811
701 6078
3914 9447
5702 4623
7622 306
1160 3284
8928 6807
1442 4346
4785 6246
3137 8039
9892 9876
2059 94
9421 5923
7848 5090
1508 2029
605 9266
9053 9130
8966 627
949 2801
8000 8475
7898 8826
9904 7241
7 1234
9475 9955
2587 9496
5171 9255
4613 1236
9555 9507
3902 823
3496 800
1923 4366
195 248
5614 1696
7567 1848
3792 8583
4003 9905
1277 8443
309 8457
1155 3321
4156 1966
1320 483
8320 9354
992 1282
4592 2690
9192 6422
255 5545
6082 9838
2348 5234
5661 354
7116 7331
3136 5181
3862 1268
627 2345
9515 5734
5321 9027
7472 7888
2766 9485
586 3429
5817 5650
9333 8866
4479 1140
7585 8739
7988 7825
6265 4245
4366 1860
8337 998
4184 6840
3435 3225
1855 9735
7046 1381
1277 9217
7429 8957
7407 3096
9319 8842
6645 1016
9623 5189
9238 6052
8978 7361
8734 9292
9921 9684
789 4186
8450 4838
4076 2347
7447 2915
7383 8107
7547 1739
1858 4665
1532 5192
4513 6410
1066 1631
2408 8969
3978 6767
3299 7468
4039 7191
5747 1857
7142 2788
7782 8488
6116 968
385 5770
5246 8438
9261 5351
3004 6330
556 2190
1932 8694
4550 6709
7127 1574
9652 5416
8802 2949
3000 9438
5298 1689
8471 1527
6316 985
7845 3633
3113 9630
7787 1882
6403 7943
4582 5168
7919 3815
9919 9060
2263 4986
3059 5101
274 5877
9759 8425
2594 1834
2314 3054
8201 8587
7711 2639
3481 2454
533 7690
7159 366
2157 6334
2571 4074
8775 5018
2199 1031
4656 4080
8849 8137
2396 1560
9183 5038
7197 6193
846 4707
62 2978
6767 608
2478 5423
799 7951
5692 1031
5921 2635
9323 1594
1882 2898
3074 1960
7816 8012
8435 2469
9968 5686
5749 8712
387 4631
5921 6274
4524 4100
3030 8988
3240 3774
6729 954
7539 5369
7420 1804
5131 552
6521 8322
8659 7508
4220 1855
7782 8812
9851 2711
2294 8166
5378 4578
9568 4803
5999 4818
174 5424
7895 4641
2601 7128
1843 6292
2792 6024
219 1260
4121 1675
4044 2635
2155 7731
8585 5635
9830 6409
9388 8266
8936 3148
2311 7706
7804 6501
2972 6117
793 6827
933 2965
9172 9234
9936 9041
1635 31
1275 6988
9920 1654
7832 7048
4117 9108
3805 1640
7818 3545
139 8419
8297 8349
1080 8420
5386 4611
955 5117
6560 2619
9108 5484
9039 3265
85 3718
5736 5298
3169 3984
7138 1183
3072 7997
9975 4459
2140 4082
4200 4814
1275 3989
9118 76
3209 9891
6814 8624
6721 2704
3624 8433
3671 3689
4557 2503
8213 5782
1994 4662
1777 1052
7237 9625
9688 4591
5203 6347
7817 8516
7507 7390
8928 5012
2699 8158
1277 4252
7021 7519
4816 1362
6405 99
8660 2210
4674 6329
4357 3014
94 3935
8239 4100
1692 6472
8837 8273
1661 5912
1386 9795
5487 3132
4415 452
4947 8918
1610 4067
1593 7718
8127 4549
8762 5189
9198 2409
3698 9323
9128 5368
6328 2560
2479 1115
1963 9487
5882 5607
4650 711
4529 9731
432 7435
4331 4474
1019 8153
370 1676
9992 8760
9600 2687
572 5306
2936 7811
8577 4369
6611 5826
6331 8014
8085 6742
7830 7028
1547 2917
3454 2571
5540 2776
5690 1233
3529 6505
2486 4987
2746 3642
8172 6649
9287 9331
463 4967
8471 2659
3811 895
8217 7016
5852 1868
7797 6777
3345 1514
5085 5808
4493 2697
2421 2229
722 5265
5372 7046
8170 2079
2838 9683
2443 3165
3496 8421
5718 2031
9728 7711
1101 9690
2158 2476
558 5007
8594 2264
3169 9909
5619 5131
666 7605
5833 8112
3690 3855
4873 6323
2777 2121
9466 3865
2728 8
9384 1850
9286 7303
8133 6457
6753 7444
5639 2756
6455 5450
1858 6086
2744 6297
3618 3242
601 6898
9668 3803
8008 3662
6402 6806
151 2575
4314 2993
9767 798
5051 4325
9363 9586
3595 5878
9237 8818
6311 9795
4873 6274
5015 5769
7100 9450
3373 7650
3152 6469
2283 3403
9247 1940
6990 4099
6217 4802
3418 9150
8077 5203
4387 2202
5264 1541
7734 1273
8956 2697
98 733
4424 8843
3670 1347
5248 4508
6424 8597
9089 705
5487 6915
467 9764
1486 2636
5587 8744
5454 246
8380 7147
7303 6093
6690 9236
2266 2792
2891 8795
8285 7175
7529 600
7108 8505
4152 6003
584 5802
8049 8362
1367 5337
7913 9362
2377 2343
6921 6581
7018 4843
2026 3514
232 1907
6572 7906
5179 7109
388 5629
4619 9412
7552 8301
1443 3262
6536 6627
6257 7362
9027 8390
8742 8031
7011 882
9696 215
1950 7340
3889 4866
1354 7748
7436 8367
5556 3299
7468 7029
5708 8020
2497 4344
6865 7567
4392 984
5429 5712
2005 7827
3420 8470
9216 2714
3207 8792
7353 9216
6087 2258
4569 8127
1104 6653
4343 261
1820 172
9427 7180
9016 6770
5938 2696
927 4226
2279 7753
785 750
3770 2896
672 2577
7464 557
4039 2184
5911 1159
2568 4858
3572 1429
2128 5737
2747 2762
7944 705
3970 3166
2235 717
2403 6534
1535 9273
5828 6198
6498 5665
8740 7053
7410 2184
164 5662
3353 6598
4607 3247
2772 6249
9704 9850
7086 2348
6991 9585
3245 3973
8575 1278
2537 5415
8455 1368
7972 7384
1027 2738
8539 2381
6646 6766
7304 7442
7398 2351
2160 7046
3348 2252
7376 6898
2199 3888
5615 7354
4820 462
4911 4268
1420 7073
7862 4198
914 4082
5316 2820
9591 2803
9840 6311
8292 392
1827 113
4467 6837
1632 7836
4891 5186
2735 8346
4678 908
9845 5431
992 1509
5426 6827
9918 8283
4662 4108
1801 9094
5360 4161
2742 9483
4549 5953
6099 9054
4330 3769
5232 5892
5582 3852
1591 4646
5398 5733
4137 930
7382 376
8263 7611
8921 9830
4266 1056
3214 3263
2415 8474
9167 9266
1874 3679
8078 4784
118 2340
1359 7647
5983 7056
7644 2970
5036 3611
9145 4038
6932 9413
4757 9839
4892 9587
3817 5440
5266 5940
1376 6738
2969 8513
3171 12
9713 6739
6528 1720
6882 7807
5654 4918
8021 5852
3488 5466
7423 9382
7323 545
7915 618
8342 9681
2115 1489
8853 7246
9883 7322
6866 2936
7706 2016
6913 6178
4837 2827
5550 4686
3850 4354
1685 1923
8054 78
429 2801
4179 4137
4194 5611
210 8085
8317 5987
1776 8218
8115 2147
9176 1543
4455 9431
8406 3530
9740 7481
4803 2026
3995 9236
5618 4817
2846 6410
949 3800
6663 5969
9149 3002
5215 4120
2732 3930
6703 5623
6761 433
9572 4996
3151 9535
1555 9282
5138 163
73 9220
9935 9397
1597 2992
1263 673
4981 382
6664 1950
6962 7951
4544 7660
5273 8891
7407 6893
2782 9186
9695 1674
8031 7684
691 5302
1434 9533
6209 9935
8236 5128
6653 7600
9671 5124
2628 2308
8736 68
3170 5702
9746 5599
7360 7604
4210 1256
7773 2977
8128 6009
4456 6425
6054 6520
5463 2575
9536 7484
6440 3011
9017 4776
4993 8175
8430 709
5381 4112
3632 495
3558 1138
748 6566
3954 1396
7471 6164
9052 4843
9960 2494
8647 8499
7534 7572
4209 9199
6362 82
5450 465
6035 2777
9439 4502
148 3784
1143 5129
7468 9075
1850 7639
7922 2966
7561 1922
1347 3635
1486 1903
8570 4407
4417 5899
186 8538
5587 506
7099 965
619 1344
4078 3358
2059 8136
9887 6207
2382 5473
3782 6502
1216 7929
5786 3733
3034 7186
4275 6504
9736 9169
4970 8710
4713 469
7039 4945
4931 7716
647 7096
1952 3601
3120 8620
5305 8458
8290 1584
2845 1022
4515 3001
8077 3244
9111 5461
8168 9558
7203 2760
1774 2340
8956 5841
1523 6853
7665 2859
2387 865
9858 9407
9724 762
9483 8519
1708 288
8416 397
9000 7507
8167 3666
5094 979
6045 1947
9543 2468
2838 7814
2068 9758
5509 5994
2388 9760
1235 4172
6968 276
1168 3038
8628 6798
8691 7234
5946 350
8304 1148
3363 8293
7605 5621
5437 3940
6128 5052
6716 3647
4785 7591
9806 1537
791 5031
3232 2425
9322 8281
4806 802
9093 2393
6459 497
7230 1265
5557 9815
4723 4592
3427 9798
7026 5078
423 8417
1253 5066
2810 412
6504 6270
2224 5570
2840 3451
8777 9733
7690 9158
1553 9199
7413 2276
1189 3463
3278 4858
6866 2992
1854 5612
3292 7900
2210 823
6791 3742
4350 7819
4278 8797
1102 5664
2974 1524
5371 8505
6454 2534
8903 5174
3581 4143
1573 3843
9879 6661
951 6206
5909 1149
214 7510
1841 5499
6280 4895
5331 1745
1841 2354
835 8248
8 2896
3836 6429
1940 6807
8696 6626
5556 6078
5085 5861
7768 9210
1252 4366
8927 4643
4435 7074
9549 6497
1862 6597
7001 5904
5630 5788
5697 5218
3493 6640
8826 659
3229 8127
1207 3720
1701 1980
8101 4609
3991 3815
5010 2893
8481 4647
5272 9549
7390 7475
1177 9553
4768 2496
2152 5214
2172 5125
2914 4385
5601 5450
5719 3885
6310 3023
7145 8528
7856 2169
2352 7972
3758 8583
3063 5425
5633 3730
5846 7407
3722 6115
2397 3433
4370 9903
7514 5646
1024 5309
824 849
6571 9593
6980 7233
7276 2769
476 8402
974 1212
4279 9354
7637 8970
9707 7448
5960 4197
2431 1662
6653 2087
3053 2447
1792 2919
9283 4787
3407 155
6423 2440
6597 2129
6069 2643
6897 4168
1286 4372
4386 3449
4494 7544
9778 5203
1042 6935
4923 5172
6309 3293
4682 4227
9710 6566
9439 3418
8023 9202
6206 6226
4932 841
9733 7286
5245 9464
2266 4377
6506 4329
1841 8948
3675 6593
4183 5592
7601 5938
5998 7281
5228 7841
3013 4315
3730 9938
2450 9774
4473 5823
1119 629
8849 6232
6063 7277
4321 5588
4475 1337
6812 8981
4782 994
5904 2634
521 9147
3499 7758
2851 2322
1226 1517
49 1954
3327 5399
4622 4918
1486 5181
6295 5001
7188 2441
3046 2153
8357 1162
8632 6537
4752 5660
8909 3829
9185 4390
6844 7201
1268 6349
5376 8634
9120 806
916 1758
7752 2905
9110 6391
8505 1825
1066 5490
3312 9711
3390 5214
7068 2366
2501 7744
7691 610
771 3172
356 8138
6580 8285
9856 740
7497 3885
2229 3039
3216 3153
8160 6668
6430 3844
4191 8462
5052 7172
249 5280
7500 5921
4939 7894
4902 3921
223 1835
9859 7104
3514 825
1365 9173
1955 9800
4241 864
3339 5997
6986 4384
9678 6340
1579 417
644 809
369 4466
19 9679
2323 4836
1285 6179
975 1999
4114 9483
3570 6095
8266 8712
5443 8363
721 251
9772 8790
7367 3892
6198 6302
131 3125
3169 1570
1179 757
4429 5857
6915 9088
5847 7837
2783 60
4243 3151
3111 7734
2259 8804
8774 6747
2385 9380
2303 7747
5503 467
8461 4135
6088 5889
9172 1827
1682 6844
2409 5782
2451 4741
9259 3415
4349 6944
3245 2178
8504 1717
818 8816
4330 2547
9923 9813
9605 36
4111 1186
109 6716
5952 8730
276 4971
1238 530
5028 5426
8114 9250
2201 4578
7825 5832
7865 7583
6803 7692
976 2820
2503 2045
8716 4017
9701 3082
3426 1631
5255 93
4219 2051
6645 3746
5598 2321
2539 8102
7931 2888
5658 7083
8433 6523
3672 4519
6781 5312
100 6907
9745 8049
9018 3233
1980 8304
2335 2223
6539 9528
8122 2537
5116 478
3247 5171
3898 8247
4729 9203
2266 4434
9476 7093
3345 4886
3588 6552
7472 5318
6133 2518
9885 9825
2896 1009
9167 2775
9542 952
3189 5428
7660 7865
6116 7937
8195 2848
8828 5264
4227 5358
6517 4725
884 1973
2955 1541
6713 607
4451 5846
4265 2175
3753 4773
6555 7967
1032 8295
6045 328
5925 3847
3569 1872
5144 2974
1733 2686
5143 321
2942 7305
9953 5156
4016 350
436 3709
9707 5328
4412 883
2966 122
5497 7556
2561 6848
555 2614
8746 2564
2781 2053
6542 3140
1499 4203
5513 2352
177 8638
3708 2217
2273 5956
1722 2453
8208 5025
5807 975
5838 1233
5885 7132
7841 8289
1653 3560
301 3799
158 9407
1442 4210
2949 5319
3713 4091
8562 651
8748 4507
642 5154
3386 9255
9366 1134
2259 2807
6072 2401
9550 8500
8773 2888
2277 7711
2699 8748
4593 4878
3616 2206
5720 5329
8044 2607
8303 7651
5125 5922
2141 6412
7989 5385
4191 2515
6826 3851
1713 6849
7225 6936
8479 3809
1744 9507
8697 2179
5831 3374
1596 8671
1922 4788
3475 3079
5846 4687
3257 4886
3109 4474
6745 7348
4696 8576
68 2923
2024 9075
9678 8884
872 5497
2022 2267
7667 5745
5728 5713
3982 2163
1969 9103
2233 6262
2390 7640
1063 3915
5122 9896
5223 9798
530 8521
6671 1276
94 3908
7140 9992
6638 3572
2825 9544
6918 1094
7793 8565
1584 7148
306 4576
3909 3777
6280 5559
839 7528
6067 3862
5422 8205
7199 2763
13 941
8286 1266
2480 8161
9188 1823
1476 2036
6510 8426
5411 2678
7151 6467
4411 8938
9417 8103
5578 6554
8581 3324
2825 2522
3423 102
8785 1690
9520 6236
9646 4052
745 9252
3039 9942
5018 3611
7750 1402
9452 5409
1698 5888
8945 8161
2471 4701
2614 174
1223 8684
3633 7304
7199 2691
8877 7758
8640 9153
831 4334
745 5092
2405 5496
9054 3079
6106 9152
7590 4168
2632 7746
9430 8535
4250 8656
1926 9370
9885 6839
8317 6429
2995 1440
1087 4391
3683 9538
1919 8841
3904 5156
1089 4399
5012 1424
4161 4600
4249 4164
1802 1827
9397 8002
7380 1871
6127 582
8109 9845
7538 2776
6642 1569
1213 6695
7323 602
9956 8646
1201 8483
4231 851
9468 2410
6492 9010
7005 6766
7851 9880
1236 6430
7383 7779
6159 3405
4436 215
752 7297
8009 9955
7322 2170
1764 6402
3528 9184
2788 4062
3290 2821
4823 3055
2653 3673
7760 8656
9957 6492
68 2899
6121 3695
4322 6235
4171 4580
7901 8726
5395 1059
3671 8446
3912 846
9019 5237
6138 3580
2567 6110
9694 2178
5396 5659
8391 6880
9860 7552
5134 3303
4839 7798
7613 4056
8746 7340
8957 296
8637 8152
650 9439
7278 1419
4400 2192
5751 5411
6885 5091
4049 746
3539 398
1412 6475
7055 3810
412 309
4251 1842
8297 6952
2708 1614
4707 3004
6953 5181
6632 8112
8809 6713
6292 8640
8775 7844
9372 3793
589 2185
3879 9670
9322 7485
9385 3652
3898 8885
509 3586
7536 7505
78 8522
1506 1973
6674 4685
3233 9000
3988 8883
2436 6229
9500 2272
2096 3423
1821 5298
1878 7730
3915 3622
5465 2420
1111 9098
2666 331
9977 3949
1890 3928
8937 6243
4059 4320
5737 6533
4139 6924
7347 7237
5118 5910
1978 3999
7728 1204
8319 858
1332 1377
6659 7854
2403 9862
8628 1120
1716 5608
7558 6057
932 7115
6511 9141
6867 4165
7070 2422
8123 6237
3609 4857
5501 2705
9522 9872
1482 4807
9638 8958
5018 5404
5538 9970
3469 3384
914 2443
5948 9266
519 8682
6059 6143
5379 340
8141 5846
324 742
7588 6143
5724 5059
1827 8490
1545 937
4034 5837
9717 3506
5470 2053
9180 1702
6858 8940
4037 3662
7590 5179
5408 5523
4794 375
7034 4997
7183 1112
2224 6984
8138 8471
3645 8440
7062 3973
3441 1709
9917 9016
1265 8105
6738 3392
8661 5759
9310 280
2099 9374
3878 2985
6485 9386
2037 6904
5224 9884
5227 2063
4932 3823
578 5128
3363 2235
5464 9590
6480 4432
5470 3742
9406 6536
1964 9027
6034 255
1950 5536
8910 3390
4271 8893
5290 7506
5905 2740
4481 9404
2294 4622
4725 4545
319 5639
3104 5906
3262 5216
4329 7414
2553 1427
3439 1522
430 5504
4069 2811
541 342
7770 275
1047 702
3300 7407
9985 6289
7672 681
5509 7322
904 6785
5893 7654
5721 7726
4556 7816
9120 4675
2163 3849
2873 7948
5245 1693
804 4935
9536 1200
92 8672
3073 6239
8549 7685
314 7219
7106 1304
1530 9799
8784 9491
409 379
6370 4901
4838 3442
1321 8858
1920 9062
4400 6938
3341 6668
7186 1480
9034 3473
7656 5546
5664 2483
8867 7432
3231 3724
4402 5197
1402 5529
9281 8443
2926 6378
2846 4555
1632 3394
5497 8033
4402 1949
7607 862
5154 9233
6819 5920
4336 9757
2770 7620
6329 1647
17 5180
4309 8322
8637 4923
4105 4404
5151 9452
9129 3589
9330 9315
2750 267
9874 7643
3008 5043
6227 9215
8384 3474
5163 1524
9477 3705
173 6435
7537 8871
5043 7301
8286 5496
5959 231
4283 7659
4894 4844
2045 7490
6434 4594
6132 5458
2746 3644
7707 4122
4472 7167
9675 4049
8942 233
6061 4216
8862 5195
8074 9582
1229 4167
5361 7874
8291 5732
5027 7235
1426 6542
5583 9940
4657 4107
4725 75
3620 5256
5625 9352
8905 4994
7671 8595
3249 1073
7837 7918
9049 7471
1433 4010
964 358
2255 4261
6343 4823
375 2896
3008 6086
5410 5343
4148 3443
8231 8378
7428 1732
8814 6737
2699 3021
2103 8796
9798 754
2456 8240
9169 7571
3730 2173
218 4390
463 788
7108 35
3674 1078
9755 5032
2650 7144
6110 2813
12 5443
8206 3202
1308 5111
7185 6356
6145 1392
7347 2974
8034 7360
2619 2764
7705 4268
4581 8843
9266 9331
273 1517
7551 6089
647 7560
9516 9874
6740 2446
3578 1817
4758 6487
2570 4400
7681 8922
2903 2450
5147 731
6896 3940
5354 9182
9905 4235
3848 4601
654 5399
5328 1816
7867 3852
1656 2650
5867 6001
2938 8793
8691 4417
9569 2279
9257 7519
4716 2691
9774 9559
322 6523
6822 896
6867 7564
5712 5069
5927 7253
7814 2467
5957 6089
4803 8948
6946 3058
2299 8457
9604 9043
9884 639
7809 1750
9743 3545
7785 677
9643 2003
6525 4612
8662 710
2970 1738
1321 5559
6598 5841
4831 8363
9606 1443
633 8789
2137 3732
1457 543
1413 911
6361 5063
8652 2777
3312 1008
3546 9841
880 1562
1918 8345
7687 108
9251 3550
8031 2286
9529 1074
5372 8227
5125 2523
1810 1091
7122 1621
3041 3398
7122 5202
7950 9500
2213 6530
9391 7738
2084 9405
4194 9408
8443 2493
1418 245
7153 1209
7016 9523
261 5756
7042 2224
3974 5285
6098 8353
8111 7751
3518 4499
7406 8368
687 4564
7856 9094
5120 955
5611 141
9093 1864
4998 8646
2965 6262
6265 8690
5702 7117
8685 212
1204 4292
9375 788
2941 3060
5590 9631
7644 3720
2526 6764
4671 3761
8129 9801
248 261
7234 1636
3677 5911
4613 5607
7196 8018
5582 4074
8158 8958
7252 2764
2934 5782
5362 4348
8071 8944
7034 3345
1983 7723
5286 6442
8036 55
4877 3648
6586 9006
2174 7031
9454 4369
7291 6627
2401 9933
37 9768
6148 8492
4160 9545
3741 9991
5683 114
4052 3785
6351 2193
1180 8127
3945 1935
9537 3068
3942 1501
5866 6777
674 8425
8539 7305
6973 9760
9403 1195
3298 2605
2428 5769
4836 5840
4412 781
6248 5722
4119 2051
2682 564
7047 2729
8541 6799
6313 7794
34 3318
1213 6619
787 6927
2362 4885
397 3153
5195 7905
9480 9472
1066 3417
293 8643
632 4795
8227 4007
198 9889
1453 8940
6882 5915
675 8813
3922 7743
2884 9149
1478 6086
6501 5389
1677 5495
1968 2650
391 1809
3836 2819
7298 7682
2965 2392
6020 3157
6600 7629
5971 2664
6430 9422
8132 6587
2386 9518
5182 5812
8288 3288
4730 3968
7499 1062
9978 4500
8763 687
2147 6514
6002 8042
9816 2022
3754 3329
6996 8672
2061 754
2371 2268
7791 5343
4158 3517
8348 2053
7650 5128
3962 3369
12 8140
3322 1886
4691 3680
6817 1956
7233 7445
2221 9818
2591 6858
1271 9748
5069 4255
2004 1751
827 1313
8502 5729
7302 6451
7157 5222
9906 3966
2982 3558
5553 6255
3750 9178
6109 6703
6870 6845
6008 3072
6482 2183
6429 5266
8639 2627
1890 8758
2177 4851
7981 4522
9286 7642
7520 5475
7843 4919
6466 7801
4873 1745
6187 6748
6419 2878
1532 8932
6670 7054
4761 8934
4277 276
8292 2242
8728 6740
792 4841
9177 5511
9118 3356
2020 8764
1951 6112
9912 826
5158 1118
7797 2720
5345 5383
4996 1437
9844 3396
973 3451
2618 91
9866 4885
3882 9917
1654 4858
8386 2477
7248 8394
9410 7707
1730 9629
7367 4575
4169 5075
3122 2561
7584 8054
6244 8468
7421 747
2121 7315
6344 3528
4927 2867
6036 9599
2577 4457
7883 9720
1700 4501
4170 4461
8461 2843
8774 6223
5436 7810
5177 8887
4330 1606
3261 5478
3195 8904
3892 2045
2799 7493
817 8265
6731 3123
199 9814
222 1736
9965 2756
9971 7797
3210 1623
4435 6000
8674 8456
7092 991
7197 4809
6673 6000
2128 3350
215 7958
3835 3575
4986 989
254 4946
6258 2062
6633 6237
6037 9983
2686 2321
5618 9234
7813 5450
7831 8221
6860 5483
1600 4265
2841 590
4221 4244
6877 9065
9758 8114
7223 9340
6333 6288
5906 2215
5913 1273
9516 8361
7370 5921
9028 9634
694 879
590 8842
2143 3271
5399 2299
8390 2485
4128 7705
8096 8022
3065 675
4291 5168
411 7025
6350 7986
5025 7308
4099 4358
1300 9725
4113 4227
5490 589
754 7264
3979 7180
2397 3426
3815 8606
873 6902
2615 5167
6176 7786
4166 8935
4203 5173
8076 5833
623 4807
2688 5653
3604 5099
6342 9501
1774 5770
508 789
6090 7337
4509 6196
9639 5170
3793 3527
3838 784
5697 7988
8703 4643
1450 667
1401 3332
8734 1609
9190 7363
3953 1702
945 3148
6214 463
565 1176
359 6334
6611 2111
4971 8853
3167 8122
7831 3545
8376 4167
9156 107
834 4583
6968 2546
9234 6673
4596 9172
3701 185
2649 2004
2141 1659
1352 2325
2329 353
4629 5132
560 8885
3831 4947
7082 2928
31 9002
379 9008
466 2664
7581 5224
420 4448
6217 7985
4067 3695
9553 5390
5085 8817
4045 9758
1423 6883
2544 8283
9996 7731
8646 1983
2550 5251
9996 4262
5419 8269
1036 2526
3759 2400
5556 5979
898 7689
5266 7991
2222 3069
8702 1430
6736 8546
3044 6936
3104 7710
5564 4056
6270 311
2008 3713
2043 2841
7162 3617
4929 9670
7375 5413
6496 807
3595 4259
5335 4705
1202 2311
4875 1891
3792 7125
3862 3420
2023 7693
9279 9753
9539 3357
881 9084
2891 1024
8795 7208
9413 1796
9045 1081
8326 5658
4137 7872
4646 5094
7237 9036
108 8678
2380 4676
4731 4559
7155 2705
6456 2
2815 4441
6327 7966
5496 2390
5505 5903
8234 8261
6420 9429
1561 9033
7319 7103
174 2112
9241 8678
4834 398
7093 5158
3381 8933
6707 8887
316 2454
7950 7658
3781 5633
3917 9519
6616 1369
545 2419
9772 8515
6746 710
5666 7388
1206 1866
1458 3306
4951 4040
5857 4651
9424 9581
3836 7338
9580 7954
4435 8432
2315 9977
4628 7302
5609 7587
2771 1977
4348 9390
7092 8007
8443 9756
4725 3621
6662 6543
6058 8003
822 8752
4566 6023
769 8207
5026 9894
5193 5300
8942 1345
5091 4564
4482 9484
7103 2015
1231 3818
2665 9574
4694 1860
3882 3019
2548 4680
9275 512
6538 7598
8856 3937
8933 7062
7293 9118
9566 605
1472 1088
5648 5135
4314 8365
8560 5014
8595 519
366 5728
8249 5550
6168 9631
1469 8646
3093 585
1050 7091
1173 7424
6834 1681
1010 7196
6615 7696
1794 5892
9027 892
4076 4860
9909 5322
6709 5353
3833 5951
8822 8175
9282 1051
8588 2027
8758 3922
1275 9228
6950 4891
2352 2060
1705 2194
4754 2541
4036 8568
6291 6703
9960 9818
4233 8590
3847 7839
8947 4616
3364 7882
5754 2411
8919 7232
3239 3741
4346 4115
8747 9046
4324 3101
5742 7063
9023 5273
3383 9038
9863 7883
6197 7777
929 1663
6184 4296
7877 4846
3647 2567
970 7630
7871 8329
6733 7217
7868 9192
5758 7517
1735 5593
5143 3196
3812 9749
137 8809
7847 3057
356 171
459 9663
6787 7055
6270 6285
1202 45
6508 6763
9822 6525
9431 3531
4679 3570
4448 865
6916 5668
5604 4106
9235 1868
2950 5321
827 9704
5637 3579
6128 5534
2778 7068
2818 4861
8112 3811
4659 4847
9328 5544
4531 6812
807 9222
8730 6056
7527 3948
8913 587
7015 6093
4797 5921
5752 8535
4169 2776
2725 81
2398 4247
5013 781
1314 7055
4961 6509
8619 1625
2268 993
7518 382
948 3919
2329 4902
6196 6524
4953 4488
8083 1782
7320 1904
5149 4356
6614 9374
3835 9973
6579 5211
4865 1461
2167 8727
5909 4846
9150 3422
3351 2747
323 1769
6513 4664
3624 6240
4892 9589
2239 141
156 2137
7561 6892
9113 1315
7352 8446
7724 5660
546 9117
3554 7817
6853 4266
6016 924
6961 8434
2259 8249
6407 7343
450 9718
8172 3994
5107 6268
7913 9134
4998 8491
2387 5769
8146 7642
66 3788
5386 2779
6592 7345
5068 8540
8319 1387
6902 5226
3783 8377
8533 7376
5500 7829
3595 8878
6360 7465
8636 853
5706 9969
4517 926
8442 7899
5226 3610
5143 4571
8683 8052
768 6395
7170 5923
6971 4976
7483 6428
2357 2440
5152 9860
135 4191
176 674
1713 1840
8092 7987
8405 4856
8158 1447
4915 1111
9238 6665
6173 2992
5538 9405
3558 9936
7625 9457
4315 8779
3284 9046
2094 4177
9209 3560
1963 3312
5526 1672
8506 3459
8006 4379
7392 6360
467 9547
5601 7904
7465 2891
4182 6143
4611 7320
646 1795
5828 3131
949 5153
4259 9547
8342 475
8788 0
5790 3405
7695 882
263 711
5088 3360
9869 9221
7274 5388
2777 4378
6024 1123
8743 8524
2082 347
9254 7512
7896 8933
3147 7126
7422 5713
1794 4263
8820 7105
7859 6379
6689 870
8381 6031
6364 5622
3041 1891
1222 8912
7534 9498
9239 4358
6132 2554
1427 9144
5383 6836
9737 4994
4610 8509
5272 4587
7973 251
4094 142
5501 2763
5711 8438
9055 1775
6350 7395
9761 7846
2139 8441
5700 9091
2617 3799
3281 5135
5435 1973
5823 5593
1946 6294
8702 924
3621 6253
5924 762
3814 6220
3746 3604
5693 9304
210 9899
1291 3848
1935 3905
2301 6972
4688 7225
4643 4795
8786 7613
6620 5892
113 6877
2560 4598
7603 6165
634 9035
7794 7288
5327 639
6116 9369
9823 591
7673 3624
3367 5356
9056 2793
4769 8910
6869 7856
2169 7173
8075 5449
7052 8587
6322 6884
7983 6
7493 3597
2553 3225
7748 4985
6574 3146
5913 1357
3242 1774
6888 9385
5494 4513
2727 6482
1897 8130
3880 3981
5566 3818
8080 5878
350 4957
5029 8304
5546 8089
2408 5592
648 8939
828 9106
5815 2402
6275 9189
976 747
3748 6178
1627 7771
1722 7295
7995 139
5564 5987
4775 5533
4436 5274
5798 1629
5231 263
2230 5939
6832 9065
7545 6149
5617 6262
1149 3994
3431 789
7271 3865
9200 6952
2251 6079
5740 9798
1210 31
6325 2102
7816 9555
9133 3559
40 5297
4931 2029
4327 154
9793 9397
5730 5196
6020 3978
837 310
617 8448
4226 2747
4865 6574
649 4592
641 6921
3082 6416
7880 8987
4660 704
5965 3730
8185 2620
3525 3396
7600 4671
270 5168
8134 8658
3211 9664
5299 1260
589 1036
1701 727
1354 9016
27 6931
3324 8509
6639 2100
3880 2532
48 775
2922 1262
7899 7602
3466 610
2166 1368
6941 5150
9946 5340
9402 3294
3434 7661
5974 1339
2068 6864
1375 1242
338 2972
2546 9765
5549 4254
9306 2583
1664 2332
8726 7681
2100 6887
1957 2602
3277 633
1120 707
2640 3038
820 312
8047 80
1178 7794
691 1370
5541 3481
2453 4014
328 1047
2889 514
657 5848
8071 5332
3606 5773
3687 4414
2746 9120
2232 1862
1084 5986
5454 7068
1709 4848
54 6806
3756 4052
4087 4137
6479 4440
6486 2301
3888 9445
965 4579
5506 153
2954 4499
5982 4503
9688 9277
1598 8233
6972 2177
5253 6096
9078 6507
8346 220
3554 1622
7343 1991
8274 8321
1186 8315
1114 1566
9935 4420
3335 5847
1088 3248
7357 9532
7026 7331
4875 4007
5637 2200
8077 481
4864 5905
4222 8205
2318 1615
8056 8130
2425 3501
5754 1494
6273 1335
2596 165
5833 6168
2594 433
3071 2817
7283 8771
8438 1173
9253 5120
706 7185
7278 4312
9151 5881
8617 2039
6525 1597
5900 6574
2044 4779
5378 3740
8625 9151
7353 7941
5010 8037
9418 5285
1604 9406
4705 5694
4446 4176
7720 4092
9081 392
7732 9338
9078 5852
2539 3934
6796 8619
9665 8047
1837 8581
7198 6023
6244 119
2621 3795
1006 5198
7251 983
1186 6797
4874 1694
1613 3322
8202 5055
3438 8338
6803 5180
3579 1213
7369 1060
1759 1996
8428 8600
4193 6143
338 4555
3697 3203
3236 2514
9409 9384
8370 9387
5933 9873
7988 9689
41 8005
4654 1165
2806 9026
3310 9393
3521 5297
2661 2111
7256 836
9408 6974
2010 3420
2883 1916
8553 4216
6497 9607
3022 6103
9241 9157
554 6286
6208 6019
8853 7093
9480 522
6789 4188
9994 6030
4412 6892
5317 8801
6445 4840
354 1413
8477 8065
4099 9454
2435 585
7880 1621
2091 7919
7134 5177
4013 3865
5045 3039
6596 8448
2588 6043
1646 6373
9627 5879
3311 9329
1852 7856
7138 4586
3542 6448
8333 5058
8552 3861
4000 5274
2815 2833
9642 5747
740 9371
1480 8981
6437 962
1467 9080
4446 6770
2885 5280
4452 5871
9887 2966
7230 6110
9290 1809
1584 5939
8672 3203
9845 6789
182 3695
7544 6350
1073 7977
7327 1087
7345 9846
7141 2272
4687 9538
5779 7732
9710 7057
8330 4763
3441 6525
5039 9745
681 910
9315 3507
409 6631
5438 6754
4776 9901
8888 7121
3186 3955
3091 2393
28 3472
7880 7963
8034 6354
6669 8405
7742 2844
5984 8798
7847 2651
8819 8395
1924 5190
196 3684
7403 8932
2727 5153
6219 1175
1074 6653
306 3542
4629 7405
8796 8376
5092 3786
7497 4124
3250 793
2777 2038
2939 1884
2342 4212
2847 7986
3182 7838
7974 4105
4492 7820
7268 4436
18 3665
3483 4103
3621 85
775 7599
6981 6609
3434 5471
952 2820
8389 7749
9986 3170
3631 3051
7522 2107
3125 3849
2924 330
6382 2071
5870 3252
7674 400
7538 4656
2631 4611
7343 1222
6511 6563
3420 8576
3601 3150
1011 4861
3482 7387
6045 1140
2912 8412
15 7350
3371 2563
3105 6540
5040 3905
4151 8911
5355 9466
2270 3175
4121 2116
932 523
4528 7901
4068 7
5483 5580
9325 2828
6133 7744
8591 3009
9249 6646
1297 1127
2148 3270
5313 5210
3520 1516
4489 5251
941 2644
2458 2650
9910 366
4616 5897
2510 2706
5490 4556
1101 5437
3228 9637
8123 1049
5643 9324
7799 3690
5308 9139
6628 2165
6993 8119
9601 9867
9129 1314
6483 979
2971 5550
2578 6646
7199 724
9837 1940
1097 5586
8426 9828
9235 6651
9950 7544
1669 8473
8821 7311
1972 1085
9519 2820
1460 3783
4872 4355
5387 5537
9745 8620
3524 6421
3280 3568
4460 927
1889 8392
2093 8302
7671 4581
8069 4260
388 8675
9970 6572
6784 6166
9516 2667
1673 3334
8815 6991
6408 983
4995 5204
6172 5345
746 7861
5765 1823
789 5472
9182 8131
5763 8370
1176 4822
199 1330
8960 892
6981 1322
5756 4406
6346 5567
4087 7553
645 1969
1078 6444
7573 4878
8342 5096
240 6642
7589 184
3164 1161
9513 5047
5630 8868
9408 8
62 1594
4246 2473
3971 1398
3725 1585
2656 4286
2060 1224
8458 1396
646 4518
8421 3621
3925 7603
3306 1950
5763 9038
4855 9919
8709 5033
9907 9384
1508 4449
9980 2559
3354 7180
9711 1572
1318 7163
3363 4732
4283 9519
1187 4569
4907 2504
310 107
3131 1304
2845 1903
2180 6709
4984 9429
1558 6894
53 7904
6408 4165
8182 5127
4512 4715
3246 5256
5803 8569
776 7900
4778 4090
1139 4006
5498 3030
9598 8421
5486 9481
9324 3928
8059 9315
5108 6257
1344 872
8440 274
4032 7335
1104 7364
829 9768
6691 6423
5970 6543
6817 2356
829 8653
6191 1326
6103 8597
6463 9990
4209 1340
524 4494
2766 2457
2607 8677
4151 6877
721 7969
7071 2860
4254 3579
7987 1513
7314 2468
5805 7696
403 8406
1062 9644
426 6965
4149 8793
1103 660
857 1716
5808 3523
2462 1054
7437 7526
9887 4783
1891 8850
6361 8983
2900 4976
8648 752
5056 9284
1761 704
1666 1895
4810 9051
3848 3776
5257 9301
3232 7553
4056 2068
2412 2621
5970 6404
2994 7576
1853 1604
1523 7175
5204 9085
374 6295
783 2099
7440 8217
9889 7012
6737 7802
9982 9486
9470 1617
6471 877
8487 8370
2020 2002
853 5408
1276 5983
3858 575
1012 8158
6340 1062
8914 2946
2551 4163
6364 165
7350 4169
8194 576
4918 3589
9381 6153
3247 430
8594 1063
8136 6827
1855 9233
5870 2478
8433 9540
2369 1646
9880 4371
6555 2034
9799 6121
5485 5081
9395 3482
4423 295
1688 9415
7220 3162
6483 2688
8560 8075
9199 2212
8263 8767
8191 5620
4732 3069
277 614
1954 9930
2877 7718
5898 3776
4665 7494
7194 8637
7001 677
3894 1016
9958 3502
126 590
9660 3079
7316 6395
962 5786
7928 6996
4007 1649
8370 1344
7771 7194
3883 823
1703 8410
8120 6627
6666 3182
1924 8723
5392 8844
952 9871
4609 7160
4250 9973
9508 2995
8176 6769
7150 381
319 556
2667 2379
6228 9260
7768 372
8062 4345
954 5973
3526 1279
8062 4020
7613 7967
5246 5106
5120 3792
4749 1450
3738 467
5439 582
5047 1188
1496 5072
1936 3676
2032 9142
6647 3363
6207 8615
4432 3219
9450 4442
3883 920
9082 2109
1114 6644
3718 1323
1219 463
1405 3767
6931 6523
2802 7877
1069 4437
2516 5560
5838 3496
8952 2710
958 8043
4677 39
9478 9787
4764 1532
4520 4467
1202 9181
399 8455
9516 1051
1172 3041
934 2020
4122 3282
7376 6020
6263 1130
9381 8329
911 2179
3145 5855
4062 823
6062 4761
6850 4515
9683 209
7635 5411
8554 3079
2752 5244
2852 5990
2391 7832
3708 6836
2913 9068
7564 264
8088 7366
3312 9493
4373 8754
1317 3733
5066 5180
4493 2545
3113 1455
5523 7740
7263 4588
6325 9712
9825 6823
6563 1984
4305 5819
3554 4828
9741 3037
6925 5139
1076 9933
7688 7075
1254 617
5394 12
6167 9869
8856 2418
5839 4485
1968 2689
6385 323
8232 2171
6918 2443
347 1805
5109 9835
8013 8944
7362 3448
1428 2122
2080 8388
2739 1605
7108 8540
3571 3528
7128 4830
5184 6641
2232 4007
2814 9396
3948 1546
9223 861
882 8317
8882 2897
9368 1006
8400 3394
7299 275
9894 1106
3775 4670
6371 8399
3924 6751
3709 4461
4353 4547
2620 7457
1047 9979
6482 7561
6597 4775
6309 5257
2379 5841
2107 7312
9485 1783
3393 4985
3926 9376
4696 1661
7302 1951
4860 7094
346 2869
1442 5375
3671 6225
8254 6567
5042 9043
2302 4036
5038 4878
9095 3972
7571 2219
3978 1326
8024 5530
4306 6999
9854 4532
908 7169
4104 5484
2515 7566
6842 7507
6856 1906
6893 8939
1883 8070
4828 7859
8056 9593
7694 6049
2208 3745
2288 9087
7043 9823
5662 4476
1063 4080
2830 6578
7624 5088
8794 103
1196 7578
1544 1837
1409 9258
199 5845
598 6147
8792 9857
3283 6956
8167 4822
2837 3093
4932 1776
3594 5767
3762 6095
6341 6154
4076 7696
6895 6576
2031 8791
4219 7758
1032 6711
4371 4571
2650 9252
4100 4321
779 8863
1955 7585
941 5985
42 1235
1604 2803
7236 3754
6105 8682
4864 9558
826 912
9301 2931
9963 9517
3763 3711
8141 5157
321 2521
6649 2266
3625 2981
2890 8994
4572 1484
3476 4180
8483 4384
8341 8828
8323 3933
5238 7230
876 8170
4781 2055
8910 4351
8147 6110
2665 8161
1197 3722
5343 313
1113 4253
5112 498
9687 8718
5154 225
3009 1125
147 6495
3673 4543
9821 9058
2573 9457
2652 6330
297 9625
6751 5383
5674 6463
7952 4951
8250 6251
2402 493
4829 3809
9638 3421
7527 2935
8474 5828
696 4855
3199 901
69 3679
4197 9342
3107 246
9653 809
2130 9945
5562 9038
6613 36
525 2822
5578 8396
1756 4106
6170 1896
8215 2026
2590 3824
2183 8265
3035 9182
1658 8294
6764 593
3567 8549
6588 7985
1306 7292
7388 7404
2933 442
5175 5663
1988 3057
3071 9968
691 6132
9347 5208
5486 9532
7680 7822
5660 3413
9009 7887
313 9237
9460 2489
1823 9644
3306 406
5729 4134
7979 3623
3011 2654
9140 2998
6809 8669
110 6141
858 1392
4316 9684
624 5863
2193 4197
3631 3146
3419 2765
7760 4790
8832 3291
9882 869
9987 6778
891 6988
6451 1707
9432 9325
7953 8972
4335 1917
8459 3909
9525 4368
4986 5201
769 4944
1796 569
147 9661
7839 1820
83 5310
7667 2619
1154 6790
3947 7712
3967 5169
2200 7679
3048 9661
6241 8709
6138 790
9162 9165
9384 6922
9312 4066
7076 3835
463 974
6525 50
9649 2256
4549 5601
5875 60
2029 6113
2757 5101
2303 4426
3773 9686
5464 1841
9433 518
7680 3691
1055 9849
6855 6272
403 555
6958 9995
3029 1815
7759 5102
7603 4558
7594 2
3298 3603
9742 4475
6773 2243
4208 2394
6264 5203
202 6989
6556 5457
1779 4977
6110 8892
6935 1688
3158 8976
6227 9445
5513 4825
9247 8355
5628 3129
5400 2070
1222 1604
2553 9545
7168 7880
7845 1270
8315 747
5908 5381
7710 861
5464 1404
7083 5948
2202 7924
7325 885
134 3996
6096 6152
2928 3030
6781 8965
4417 7712
2625 8915
146 1901
8585 8528
3587 3170
5979 4850
4473 7533
6276 7611
386 8479
1306 795
6486 3594
7981 1647
668 1141
4671 3400
85 6508
2620 647
714 9396
5720 1012
1613 941
6484 4717
8942 9185
9965 5435
6733 4009
3777 1249
9446 6910
6654 1758
8094 3708
8777 7217
4632 7603
1288 2316
6277 8087
3677 7490
214 7464
9759 7818
2847 332
3574 1893
2473 7351
9603 2348
3908 7405
9482 8850
6856 3422
6365 7688
5942 5264
9782 3792
5152 8251
4944 5210
2097 7949
4514 3594
1402 8733
1546 8234
7050 4717
5522 2507
2057 7145
6690 5095
8498 9277
2786 2306
7243 1667
7097 495
4306 6056
2807 5919
2198 5968
8555 6180
8654 9392
722 5939
1626 2346
5037 5304
7236 566
8461 6419
3074 4651
7806 3041
6332 8557
7501 2790
3604 3040
1127 2869
1414 7482
4848 6530
1134 7831
2509 4430
8065 6870
6830 5266
4105 1953
2459 5607
80 1914
4826 2498
1880 608
3675 8109
9012 9249
1632 8224
5239 3817
3676 4927
9367 7865
4422 5437
157 1171
634 1822
6892 9058
7116 9930
2060 2438
6074 9421
9058 7548
4766 1227
2734 1021
908 8049
9280 1501
6478 1686
3591 3267
4362 4161
6952 2473
7084 4340
5879 4313
3109 3782
837 8663
2864 3615
4615 158
1197 508
8942 2146
1164 7570
8248 6053
9591 8687
2307 4789
6508 7404
6185 5250
3798 8767
9325 6765
4663 2060
512 6252
4372 9995
4255 9035
493 9542
2397 8780
3511 3033
6873 7903
5768 4028
2476 7836
4319 4860
2609 6109
445 9701
1425 7145
5252 4412
2346 7275
5434 3576
715 4529
8905 8449
1870 9392
871 4065
3155 4869
3309 5400
3717 5655
7175 1115
4684 2920
8375 9388
414 7705
2309 9284
3938 5101
8615 9789
7427 5718
6249 237
5469 8524
266 4668
4375 6860
4899 4886
5309 3661
5652 5676
1320 4606
8844 5461
2124 2810
3940 6259
9311 7918
713 2608
8209 2833
9573 4662
1036 3442
1145 5533
73 7296
2457 784
7980 8882
9332 6889
8686 9175
6510 2315
8149 6135
7340 6958
8082 2681
6507 9972
5926 8862
5661 5866
994 5930
4593 347
4713 2755
8125 5694
3764 7313
7371 5072
4339 7030
6174 5292
8731 6279
4144 791
704 2568
5065 9064
8912 54
6142 7332
4537 6286
1587 9240
2712 651
6654 7279
7039 4941
7018 3140
1570 3908
4452 8753
3471 6603
1366 9141
6007 4386
7150 4725
8045 20
6746 4649
6362 1656
6610 7159
9243 7202
6145 5901
6936 809
450 5015
7873 2452
3747 2049
8023 2621
1960 8663
6932 6807
815 6696
4712 9452
6924 1160
6545 7967
7009 2020
1590 4705
1339 689
4592 6991
9819 4781
6965 216
9135 9191
3731 5084
3789 2203
7814 7791
7755 709
2358 237
6414 215
1887 1256
4094 3846
4110 2077
6994 1214
4453 6501
6429 8949
252 2391
4804 6349
9557 1322
8794 9283
5305 4793
5691 341
9251 7519
8849 3105
9 1185
6822 2648
1059 1691
3831 9857
9226 7410
8417 474
5454 6569
3084 3529
5891 5856
2144 384
9385 7542
9047 3199
6247 5439
5665 9923
68 8576
9662 125
561 7847
4588 8302
9398 6568
1613 8686
280 162
435 5564
5651 5201
731 2559
2810 252
1652 5690
9720 6478
2186 3614
2210 2114
9412 6522
2379 4039
5398 238
6915 515
739 9885
1069 6548
4082 209
4428 9089
2892 344
5577 9280
8880 2795
371 4112
1971 9232
1252 2118
5751 8437
8444 9046
5015 7965
9181 9927
3180 8536
7122 2857
4767 1418
460 6178
492 525
8378 1699
8847 2882
2132 3434
8461 3267
9188 6289
7890 9908
9714 9827
114 2072
3067 1551
7790 2816
3517 2805
5606 4350
2274 7293
9381 7512
1590 7463
1005 6680
6950 7421
9840 5407
9063 356
2040 8666
7216 6562
9684 5277
710 4889
1135 4459
7122 3857
4190 5496
4720 9092
8406 7638
5511 1699
6184 2987
8352 726
986 3844
7332 2017
4899 5458
839 3746
6339 6067
1787 2950
4301 7628
5347 9259
7010 8210
3957 3808
1306 3384
9082 1689
4177 674
5989 5615
9645 8039
4573 6228
4984 8550
857 2372
4174 752
6455 4887
7971 7875
7258 515
3858 5590
8366 9982
1134 9872
3512 3313
151 7732
3134 9255
2924 4871
1264 6021
9287 2801
8434 9557
3865 865
5192 5482
6306 2539
4877 1032
5261 3501
3055 7675
7990 7920
1658 2293
1865 106
511 5670
7112 1152
8529 7267
6905 7368
5453 9785
8410 7452
7779 4123
8130 1675
1349 2280
3141 3625
9466 2824
2323 8087
1120 6724
9741 8222
8524 8037
53 7300
271 8772
1890 7153
8711 8209
413 4635
3230 2160
9147 1725
7892 5549
1542 662
4628 7424
8170 5694
6757 6235
6538 6435
9967 1985
7196 7266
3192 1345
1720 7138
5706 2351
88 1657
8947 1652
7500 1250
6777 4652
3229 2662
984 4093
3643 343
8617 407
3254 8716
4208 5431
37 6694
34 4741
2295 6370
8497 7054
1204 8439
2902 156
7694 6575
8154 8880
2873 6642
7617 6114
2612 5421
9219 9919
8244 9986
424 9794
7196 3193
2432 957
2826 1956
6588 5942
8913 8241
5996 847
6750 5896
5046 7245
5625 756
5968 4826
8858 4303
1530 3334
7701 7861
6619 2761
3252 4507
9782 6067
832 824
744 8052
8972 657
5681 6487
2846 8067
8829 9433
7514 9897
3166 200
7100 9486
5128 6182
7410 7068
6473 6605
9076 5347
1794 2524
257 8789
454 8559
7623 7198
7310 2030
8078 6784
1318 9884
930 9245
664 9743
1932 6078
9827 5279
3324 8528
5591 599
5364 4878
1680 5737
1284 2041
509 3486
4621 5221
4444 5579
8868 4669
9907 3791
7126 2535
2013 7081
3954 5825
3616 4518
2232 5483
5031 1384
5516 7646
9361 4770
7574 2378
9909 5519
7561 8893
9887 4835
6974 175
4044 3897
6316 7259
5758 652
2054 1592
9516 2593
9522 7718
9801 5025
6657 931
7792 6245
9840 3277
8809 762
2330 6978
6266 804
8247 3523
8925 8446
7094 9239
3034 9807
5746 5739
2913 1752
3492 9448
9622 1178
1541 6253
4313 2997
7709 5755
6256 3900
7869 544
1252 8660
4677 9594
4645 90
259 8557
6059 2068
4730 6800
2074 3999
9707 2034
705 9736
2098 8938
9743 263
6015 3452
1954 2406
4575 3207
925 2687
9814 1851
7013 5571
3772 440
873 7799
2961 7409
7500 1624
3630 5327
1489 6127
2170 2867
9057 1600
5349 4579
8443 8332
628 6118
3641 7623
6986 251
7114 8052
4240 2930
8210 5404
7313 1006
8875 3277
7796 6610
3701 687
5206 1705
3521 1554
1523 7314
9558 7571
5825 5768
9150 5549
8057 2815
5489 6140
6915 8250
636 2349
4190 8170
7501 2434
25 3937
1661 8498
4320 7477
2810 12
9190 7855
9536 3067
763 9011
7156 1861
6346 6074
1245 3854
2946 3788
1343 7546
1695 7097
965 4864
8036 7046
1082 1050
1783 9909
868 3304
938 6092
3198 9652
6497 184
3729 320
5205 9563
7390 6988
8372 6816
8842 3891
3554 5647
2455 709
7680 9068
9259 4240
263 1722
6238 6455
5457 4285
4773 4885
6501 3565
8518 8426
7325 2358
9080 3284
6581 253
5065 1721
4674 8605
9915 9649
3549 6174
9788 5456
875 8823
1280 7601
5210 2923
2317 4382
1562 7135
5667 6683
389 955
1702 8803
6045 3391
8185 4379
1696 3069
2921 3554
554 5284
147 9802
9160 365
4291 7872
4324 8542
7882 5606
6290 5212
603 5410
4390 5725
4898 9520
6975 9883
673 6179
2148 8117
3369 7320
6778 7455
8353 203
8511 6794
6310 9603
1190 1999
9792 7384
5295 148
2156 8789
9794 6897
3275 3704
7784 380
9974 519
3974 1584
4764 5581
823 7436
8154 993
7205 8008
2582 215
6052 771
7208 3120
1451 919
2102 173
6528 5374
6026 7121
5246 286
5730 3060
7797 7408
1091 1411
1791 9630
4731 1829
3099 5546
5314 1929
9287 4379
2588 8027
478 7666
8478 5893
3116 3260
746 722
794 208
2569 6270
5755 4680
6099 1961
9586 796
8910 1946
5549 9465
7937 5232
8450 5169
4388 5332
4708 8476
6438 3658
5986 9069
3322 9014
5484 5487
5951 8876
8707 4478
6827 4384
316 7010
7315 5947
2001 37
9866 7263
8245 1478
1731 8978
6033 5190
4020 1190
7023 224
4777 7673
2210 6838
6978 9848
6320 2214
7323 8558
6190 3931
7894 6507
8006 4400
22 2640
71 3199
6378 2134
8473 5480
2933 8414
2844 8045
8230 3395
7180 6970
3257 779
7923 978
5353 9709
6843 8900
608 2941
1550 8397
3948 1283
5884 6006
9792 1241
6248 3294
5540 2819
2800 3315
1738 1080
5223 5050
3983 303
4736 6862
4649 6117
633 5493
5635 1834
1458 9133
6962 9516
7624 7030
4099 1644
675 5145
6948 8476
4824 838
1755 6729
4587 2748
7399 4166
2566 1488
7153 5726
5390 9649
7310 6875
7688 7570
3652 772
8376 6806
7606 9728
1761 458
7646 3322
7678 7868
9063 1709
4171 7002
1508 4174
5585 6901
7247 9881
9916 8693
9794 2996
5035 8613
2508 4016
6116 4750
3328 1245
1329 7458
5568 2157
9115 1903
7442 6401
2641 1828
8636 4719
1461 8367
9377 741
5859 2148
7496 1095
4655 5883
6741 4053
3898 6288
1622 5688
1136 8126
5596 9259
4066 8981
7284 7558
9067 5191
9857 6453
5457 771
744 1735
3193 5913
648 4466
135 9789
4803 9348
2753 1702
3518 789
4367 8598
5985 7560
9762 8115
7515 1856
8510 7972
4117 7455
2373 7160
1425 602
3041 8255
3167 472
9149 204
4347 7161
592 7938
4903 6771
9384 1052
2641 9528
1615 7369
8352 1316
3197 1684
32 4530
4889 2609
3608 8237
4141 1540
3972 8580
5925 5356
7428 9655
4979 9868
9232 5246
3363 1801
4822 5929
8966 7023
1218 6818
5325 335
5129 1247
7844 9427
8657 6339
3768 2131
3472 9620
1062 8991
7376 599
8626 172
9484 8375
8097 5324
5610 965
5139 4150
3925 3434
8624 7188
6133 6599
7742 4907
5757 5485
2412 7750
9938 921
9919 6475
8035 5095
134 1455
3512 1975
5483 6869
7803 1821
441 7697
3757 4994
7125 7835
3143 4312
266 5935
9455 2331
3637 7682
5571 8851
922 2671
6517 2502
4576 9822
2818 9451
9616 2518
9584 3624
9333 154
2852 4125
896 8383
8174 4025
44 9326
322 1914
1480 8452
5203 8611
502 8662
3101 7637
4512 610
8687 4976
354 9713
2516 3683
3367 4937
5485 4847
2131 9167
3036 1353
5530 7450
6671 5023
9068 754
7271 9506
5054 3462
5397 8689
4054 4733
3552 3430
3747 9861
7349 7866
8182 9112
763 4275
2961 4988
4993 8334
5578 2473
2167 3384
187 5397
3414 9174
7226 4747
8477 2820
9072 3019
1929 3370
3145 2442
8496 8619
7831 9978
9002 8999
3394 4181
4236 8929
9392 3155
7362 5578
8285 4091
1368 2268
9015 9285
6790 2515
6025 5070
8806 9829
6706 6581
8787 9331
8225 6514
1856 8359
8912 6326
3777 3133
2762 8526
1130 9486
8105 8001
9219 6392
5648 9817
4532 7721
5474 3038
9475 7882
2542 9102
6519 8633
6456 7561
8087 3406
852 3896
6581 9759
3297 4429
2928 5519
7152 1382
5034 5777
912 8955
3080 7882
3560 935
1727 4516
3744 5764
5089 5551
3036 7071
1507 8115
1141 7802
7530 3600
6998 9888
6658 5510
6816 6771
7467 1297
5962 4977
8592 5708
5689 8885
8069 8486
2120 3626
9804 6049
6260 6139
7988 3319
9255 421
8959 3063
3823 8174
7071 2414
9386 2638
6300 7569
8032 3867
2612 902
3644 1252
4319 1811
7560 8163
8190 510
357 1301
9200 6291
1652 2918
6001 1620
3156 9509
5551 3819
584 8855
1482 3242
9172 2423
7991 8932
1956 2379
3521 1172
5177 7873
4397 6747
8801 6633
6328 7735
3778 4396
3343 8735
6098 6106
5354 795
3366 4338
8230 2272
3893 4922
2255 5450
5705 3758
2294 6401
5265 7493
7508 702
7286 8079
8427 7959
1048 26
5925 5174
6579 5796
3308 2776
4148 8715
7733 5281
6418 8016
122 7804
3771 9738
2562 4400
2924 6887
7470 4031
8364 8701
8627 9144
2373 1567
2064 1292
9056 9563
2859 3886
3853 192
6972 3571
7548 2013
341 2648
5259 8788
6316 7811
348 9997
7095 6386
8433 1287
6259 1328
8007 4441
9681 8742
7949 5703
9950 7406
5823 4112
2285 2546
6691 5300
3411 4739
5295 1363
9038 1334
2405 321
3139 9928
3421 8693
3075 3235
9085 3824
8825 8488
2311 939
8226 2764
1727 5882
1289 5392
2776 5789
3919 1240
2826 4308
2612 2653
5345 1778
4484 4157
3205 6795
1 4256
7042 7735
4376 8038
5715 9065
7459 860
784 4520
7435 3342
3041 3500
5271 2710
3342 2453
8517 242
5445 1253
6916 2756
6726 4190
5004 2419
2798 2726
2026 1998
975 8615
8588 8801
3448 5987
3797 9616
4982 3652
3646 4320
2631 2146
4522 3269
6054 8237
5619 5622
6728 7370
6822 2877
2242 1435
8808 6602
6837 5703
7972 6679
4615 3657
1778 7798
1151 5091
5909 2471
3245 3379
8785 934
6036 3278
5718 8305
5492 1913
3438 647
6040 2391
2991 8571
6297 9421
8350 4008
4013 3857
2561 8127
2240 5200
3486 1435
9165 30
5317 742
3353 3273
278 1668
9964 9190
3633 7981
1004 2349
825 9544
7176 2225
1795 51
4943 7191
513 3120
8826 5432
8709 9161
3420 7249
2948 531
9829 9624
6474 5376
1965 6825
5971 3294
4019 6270
3277 382
8802 2749
7736 8831
2157 5099
7062 2905
8471 9342
9749 7477
4273 5665
9574 2217
6657 6000
9321 9218
4523 1827
759 3098
1983 1528
8299 3625
4463 265
3726 9463
9002 4684
5199 4639
6906 6105
779 6751
9879 3814
9758 5469
7478 5886
1302 8676
8177 1889
7599 2380
7028 533
4817 6935
4929 2410
755 6503
7105 6314
9914 1213
9688 911
5410 3148
6995 9135
2695 5932
7505 6499
944 5979
7131 5349
8569 7309
2066 2280
9484 4532
6227 929
6940 1324
8425 5186
5373 9917
1167 2744
1635 1603
512 682
1461 2298
9869 2754
9005 2722
8266 4872
4528 5362
5638 682
1508 3545
1910 5800
1699 7248
4189 6747
6971 9964
1513 6518
7103 943
1452 6916
7821 2622
8725 3025
8956 4973
2540 3461
6162 566
8711 3035
5136 3928
4011 8191
8251 5964
8498 7190
4792 7891
8997 5000
9667 6236
6838 6712
7435 1105
2429 4980
2494 7521
5693 8743
3612 6985
4946 7356
7418 4555
1946 238
1942 6576
1469 2730
2514 1033
2426 8390
2095 673
3087 27
2519 5551
9732 1293
6551 9384
4149 8955
7863 369
8538 9570
2632 7473
9605 2028
4617 9221
7112 2710
6389 2814
9552 8591
316 5893
1122 2971
9981 782
4320 5976
8797 4858
4279 4073
1334 9414
4665 541
1823 3057
3218 628
7476 5051
569 5896
8946 6153
3781 8966
353 7286
121 5200
1054 9379
2541 1147
292 4478
923 7523
9639 1248
6163 9087
3532 4209
3467 1327
5288 4854
4487 8978
3108 3530
5153 3188
6122 4459
8773 7476
894 3451
5979 7427
156 9336
449 6488
8410 1317
932 5505
8665 9606
3436 9572
8382 2363
7650 2420
4871 9284
8238 9247
4988 819
6609 1908
8644 4702
6267 4162
8017 4003
2682 9867
2697 9927
2977 6743
9026 583
9968 7141
105 2064
5958 7564
6206 969
5567 6016
1760 3678
4379 4401
3617 6328
9694 4605
5189 2983
4797 9557
4684 6321
2971 3980
4826 5236
5216 4604
5792 2552
9043 2931
4968 145
1684 6891
2466 3536
3097 3560
5926 4168
8434 9946
6565 2622
7179 8610
8145 3897
1998 6736
9717 5609
8738 7195
9794 6517
7108 7163
4088 9372
1648 1920
6157 4125
940 437
8205 146
7521 5022
2894 2407
39 3279
6430 1801
76 3543
859 8105
2721 7961
7535 2943
209 5115
8279 3964
767 599
366 2664
2635 4319
7962 7913
112 5389
6243 741
6717 2889
6779 559
158 6467
5327 8013
1638 5584
6680 794
8555 4802
782 183
7135 976
4938 6605
278 5573
3670 734
7193 4516
6388 9257
5093 7225
344 9819
8544 1850
4002 9779
2491 4172
3420 8350
6829 9954
5948 1921
3281 6976
5206 7094
6365 4559
3042 4013
1997 5017
8453 9683
4573 9555
5631 3584
752 2619
2960 7786
9439 8614
1511 9671
9953 8652
3177 7984
5571 976
2890 5458
805 199
9308 4382
1313 4826
7089 3423
840 6279
254 4251
9899 3409
8078 6003
7187 6631
3247 5605
3901 9314
6622 4881
8054 6264
8474 6520
6062 9534
6951 2304
7148 7211
706 708
2526 3783
8092 7736
5323 2962
2805 7962
5320 2257
6006 7877
2963 451
8122 4335
4127 8786
2186 3602
7932 1044
8612 3048
6322 8113
7543 1391
8554 1471
110 8444
3657 4058
9558 6220
1290 3823
8942 2069
4775 967
8554 7787
6196 5425
1828 7854
4312 6504
672 6881
5352 7076
2585 8773
4994 1340
6877 2436
9059 4969
9171 1514
3957 405
6948 7038
7097 1362
925 5678
1629 6936
6751 6248
4250 4822
3953 5045
4028 8170
5459 639
3007 7003
4623 228
8498 7763
5406 659
6075 3163
1477 9282
6295 5886
5258 9650
9372 2063
5766 4554
5453 2423
8409 8465
9529 934
5141 9768
7216 7467
6456 4035
7827 9326
3625 2759
2023 5371
2510 9503
9077 2409
5544 9817
7106 3720
6428 8221
4694 7146
9710 3118
731 5192
3772 1657
1172 7333
8420 3946
9431 6175
7395 6894
9849 9137
6571 19
9572 1990
7088 9788
2535 617
1888 6369
922 1240
3805 8547
6445 4150
4200 396
8364 5759
4683 3253
145 806
930 1009
5174 7291
9463 6183
3381 8584
5018 9261
2318 9306
2585 639
7604 8749
6689 655
3188 7504
209 455
1219 1736
9240 1066
8147 2945
3563 6360
5634 6814
9636 7168
9824 4609
4601 1552
9594 1591
9080 2503
5320 939
8141 5772
2399 9210
4000 4760
483 5846
6702 4670
3117 4372
6226 4090
3237 7921
3199 5159
3901 2737
9068 2107
2601 8968
669 5453
3310 5601
2747 4583
534 3323
2415 4390
5757 8596
1840 3358
8908 8318
6710 1499
304 6590
3834 5506
9109 211
9996 6629
7620 6403
4000 1030
5078 5537
7223 8563
4036 7707
325 1535
4541 4048
5428 1090
387 9215
4133 1046
8114 6698
9918 4114
382 2665
7844 2452
6392 1115
5334 8679
9436 1592
6979 7189
7882 7650
7626 4357
127 6729
8684 325
4576 2301
6592 7539
2211 7678
2883 933
5386 1072
4345 697
1692 4923
3077 5942
4545 3806
4848 5425
3305 3283
7017 5644
5786 2750
4602 9128
5445 6031
4403 9980
3620 2183
8998 3294
4642 503
3486 5501
646 2131
4540 5889
6126 4630
3855 5691
3060 9903
3119 6166
9103 2713
1383 8447
6393 9337
9293 6432
1016 1600
2943 3943
9324 4352
7195 6502
4452 300
2042 8740
2589 2808
9595 6529
567 7183
1992 5574
8918 7187
2759 6107
5970 9342
3135 242
6267 7800
4693 5216
4478 1554
9202 5724
3884 5262
6626 96
9869 6402
6748 669
1136 3761
3881 3035
4445 7865
1539 2093
8858 2028
1483 7939
1622 3574
8119 1513
7141 6013
7190 7917
4777 1847
3617 8462
329 1077
209 5167
1089 2300
2231 9355
6437 7252
3019 8723
2259 1082
2004 9683
3444 7552
880 4354
1343 7332
7570 3192
5787 2350
4246 2106
1694 2595
5185 4144
9878 7159
217 3480
7731 9407
8782 3572
5136 9333
549 190
1276 6516
9967 9163
7577 4626
9642 6829
2944 7150
3956 1747
5855 8047
7463 3051
2513 6012
7317 4040
8424 2506
7313 7167
1289 1280
1015 3882
6820 8662
6442 3039
2446 6060
1177 8443
8461 7639
2012 7224
2223 3350
7025 9150
4327 6035
5453 9958
934 3060
7793 7833
8546 9617
8523 9319
6405 2273
9526 5187
1397 1885
9839 5723
8235 3078
9156 4598
9890 3234
7051 9174
3566 7153
6477 3325
3447 8317
7502 8396
8289 8208
7081 8567
9832 4721
7772 948
8909 438
4685 4178
1112 9149
6328 9798
4632 2437
6998 4432
351 7351
6891 540
1059 3874
2396 9013
4690 628
5259 1012
4549 4660
7105 5350
1087 6268
2663 3307
1859 9189
4385 1770
6320 1722
2280 8291
74 4766
2962 6541
261 9818
2031 4829
4736 9583
1235 1816
5388 8329
5243 3599
5160 4036
8382 9162
8955 2840
2050 1168
3756 7920
5799 2337
4017 8809
9956 5894
1235 2294
9260 4561
3850 8192
2924 1662
5450 3722
6853 779
3738 6082
7472 2980
4012 6532
3011 2774
3966 2024
7022 5110
2876 4108
7314 5210
3776 109
6143 9028
3048 3502
8296 7328
7473 6315
6838 9987
2181 728
4405 8738
2943 3218
5855 8485
3191 6471
7923 128
9358 8705
4578 9233
6599 5181
2726 3801
4672 8522
7919 7857
9229 7613
7499 4814
3503 2258
2768 4926
789 1260
233 9442
9967 173
6604 8886
3323 4690
9396 2523
831 1622
8352 7062
3217 7399
1143 2530
6790 9413
9110 9936
8789 4102
9847 3679
2423 8134
3519 9014
1438 6892
2709 3261
1663 6040
1914 1052
2717 9017
5113 4395
8388 9339
3789 9225
6846 861
9017 1369
9253 5552
9416 7574
358 4876
1106 4951
2382 7549
295 1773
5700 7242
4491 617
4691 9062
862 6874
1442 2527
3847 8484
3457 4484
4028 6493
2114 4228
721 9010
9186 2273
9770 6006
5315 5140
5583 2266
1415 8570
8107 1799
6923 2331
2352 7640
7149 4603
7324 6389
1484 1658
2688 4235
7275 5510
2114 5671
7489 1920
4769 7425
6256 5468
5632 4341
7663 7730
3058 3180
1718 5137
2880 8953
4742 83
9913 5904
6019 5116
2407 5521
6576 7628
8250 9362
5493 500
2035 8010
1902 6565
1423 8570
2739 6275
5710 7318
960 8969
7887 9969
1184 7783
5594 119
2859 6342
2665 4387
4425 3931
1204 2849
6081 8538
6359 878
7571 5666
1490 3179
1903 8390
6878 7073
7280 7676
3207 7950
3864 6110
8330 8221
504 6303
4604 7652
7436 1927
3204 9159
5522 6591
4870 8169
5029 1256
2077 3875
2522 4949
8212 2237
2102 8921
6818 5066
3354 2235
8720 4752
7212 2646
8183 6676
7667 9981
411 1396
4991 2075
9566 8942
1874 9513
1746 3727
2671 7497
3615 6117
1198 8079
4237 8741
5208 9040
8575 297
485 9170
3084 7969
7008 4387
4859 7562
4244 5173
4010 813
2790 2102
1067 6510
2142 6334
1788 2772
2723 1586
1169 1336
337 566
5488 6279
8058 1232
1705 8146
982 6103
3632 4853
6232 4233
4361 9124
6496 2332
4174 9600
6038 860
5488 4201
7033 2403
9224 4318
2132 5111
7896 1041
5993 4846
7683 4950
62 6188
7045 4217
3201 3773
2160 4062
4328 8654
4597 4052
9081 3093
1835 5027
1091 5009
9167 2565
1624 6940
1353 8049
455 2316
1078 1378
6826 8889
7415 6982
6713 5482
5253 9074
9385 6376
1840 9123
100 2852
5459 1055
2646 7620
1637 8938
3825 3784
7502 5829
2350 5243
2611 832
721 2517
161 2160
2183 3149
6867 7772
1727 4956
8303 721
850 2173
1251 3574
7824 6704
6423 3274
1432 3086
591 6040
2964 2694
3888 4956
5903 3974
2204 8800
1716 5829
3084 7296
1124 1437
985 3228
5315 8647
6806 2059
7872 7823
8302 5307
6512 5862
6325 4295
6405 5925
6606 9410
8560 7839
825 4960
912 6480
1590 7508
8933 3218
1243 5620
1510 4606
3693 9833
1099 2607
1230 3250
4088 6642
324 3543
7239 9849
9842 1963
2177 1583
1413 571
1096 3623
3117 612
6116 6605
5414 7537
7064 3630
1122 305
5568 6403
4820 1015
6314 9255
5308 1899
3838 6122
1354 4862
5259 8975
5073 731
1199 7216
8777 3144
1842 8385
4177 8172
7680 3618
3231 3707
8449 4381
4293 7852
1879 6592
5106 4475
1603 1509
626 6251
8613 6540
1940 3763
4766 8362
662 3561
819 938
3582 1885
6656 6130
6183 236
4759 6305
214 9732
2004 9573
2457 4711
8430 841
8283 3929
2348 9451
1526 6196
9025 715
6133 523
9397 4319
4965 7915
7730 5795
5128 5421
7528 7118
645 9176
685 5617
5823 1907
2821 936
2608 2552
5609 3411
5826 8164
8631 8414
3066 2843
2358 3915
8306 6153
2548 1474
9218 1155
559 1215
7786 9788
9196 905
110 4643
6871 115
3341 1866
359 235
896 3041
397 1888
1484 49
8505 3377
5652 2117
6585 8561
6207 4786
4496 486
49 167
9982 1072
8568 7423
5393 7303
6630 611
1384 6205
85 2973
1776 6930
6604 3976
8605 5799
237 19
9079 9242
1783 7044
6190 9072
3839 457
8267 4640
6935 2153
628 9116
7464 9786
5707 8027
433 9179
6725 7650
235 1201
8562 7265
2936 336
1022 7129
9864 6943
9955 3771
408 9486
8232 4220
1527 5651
6090 5252
7110 2351
5781 3830
3868 7200
9230 5322
9939 4863
3089 6214
4818 3274
899 5099
4408 7628
435 3916
2354 1448
850 3833
3401 9605
4683 1513
5803 5443
8112 7718
4612 8460
483 2418
9305 437
8830 7624
9280 2819
8128 4302
9727 5659
853 9574
9152 1106
8784 9395
3326 4051
615 6760
5056 6671
8652 4492
1886 7742
6291 8266
8532 1859
2724 7877
5426 4238
4095 4089
7037 4028
2199 5068
2646 8121
1405 8164
2421 9029
5322 4082
5890 8451
3272 8907
8287 4766
7822 168
5989 7367
1494 6755
3514 266
7612 722
3708 8799
1253 9680
2605 764
4697 9126
2602 1767
799 9273
2170 1800
2068 3549
7104 6797
2616 7448
4796 904
9893 2209
9396 4467
1180 183
7834 5156
574 9085
7723 6843
820 8307
6484 6200
3995 3184
8432 7065
6239 3867
2322 3393
3107 1833
9692 4837
8427 1937
9114 7920
1718 7916
3182 6646
1243 8584
3593 4405
8958 7243
9810 3255
3983 9220
902 4420
3872 4461
812 5
2913 7580
7171 8643
1994 1353
7307 5262
8548 4779
4845 7881
6660 8107
1064 5555
6533 6234
3545 6992
3601 1566
7622 294
7788 4167
8007 2676
6509 9744
1313 5516
9785 2690
6161 9058
6653 8594
5985 8236
7032 1338
3034 6889
8484 6340
2070 8958
7439 2547
8288 907
554 2204
5067 1725
8925 9698
155 412
4420 8336
3268 9988
8699 4334
9806 5570
7921 8999
7266 4708
988 6241
5299 8371
8873 6443
9451 4556
6094 7189
1969 6073
2910 7593
1236 9695
919 87
6951 6065
9084 1518
4121 1857
378 2823
6943 9798
42 1147
337 6906
7954 1221
3822 2362
6071 322
9420 4689
2148 565
4576 7646
8064 103
3862 7137
1678 1900
3438 1445
4038 9568
2419 4935
9148 3024
9465 4836
2106 277
6658 9729
9279 2666
4206 3284
675 7743
9773 3744
2774 8391
4641 9742
1556 2892
2517 3606
9975 1875
1396 253
9017 9753
2647 3592
4547 7004
3791 4671
7799 2838
2667 3917
1319 8948
5062 7348
6321 5430
9281 93
1415 5279
3113 2365
3647 9515
7156 3939
5940 5504
5437 2542
4214 7405
9977 9611
6261 1184
9013 8539
7029 1348
3326 4707
2638 2055
6141 3054
2931 841
2381 9789
3341 7952
4810 3231
2340 2041
6536 475
361 5289
1261 3050
2755 4337
7708 4530
4052 9312
7999 8508
4919 274
8096 6727
792 7110
1284 4838
2975 3518
8276 9380
9131 3695
6586 88
5624 9353
4676 2563
4476 1568
6008 5622
6003 2088
8021 145
1013 895
6241 1046
7281 5733
7876 4380
7001 6199
752 2640
409 3800
5340 2245
4965 2208
5772 9820
2862 1935
9902 2335
7616 2090
5363 9735
8955 4406
7 3565
8300 9235
8127 6285
7912 4591
2479 1303
5812 8316
3910 6384
5204 9115
9926 4997
3550 7159
8035 6975
7162 9679
7336 1410
2649 9563
5456 271
1182 9968
3848 6634
3053 1950
1774 5990
6959 4550
7317 8827
6303 9033
8569 7322
692 8588
1433 8343
907 1144
9174 9205
2433 7117
8566 8464
1034 7127
5989 9412
7857 1625
5785 987
7804 8533
4241 9091
9354 6333
3321 5405
6508 3588
5164 7938
9198 8734
9879 5184
2033 5878
8198 4018
3174 5198
301 7726
6616 2625
2741 4600
4439 2245
193 180
5901 7692
8700 6873
5134 5097
545 9505
2913 8735
421 5884
8597 309
1621 3300
7010 2966
7880 5835
2606 6965
2769 8208
9976 5390
7780 3089
8868 728
7970 970
3827 6182
3059 2076
767 6653
4302 9945
2352 5327
3016 252
8110 4486
6647 2437
1283 9900
7537 3666
1772 4247
6294 5881
9628 1826
5286 7969
3645 966
961 9089
356 2841
8650 2240
8719 3853
1095 5116
5326 4248
3319 3638
6908 9107
9408 586
152 6764
8804 4508
3204 5543
3967 9166
8377 4449
480 7262
6357 8276
9185 5932
2722 2471
6725 5082
9924 8605
7198 4092
3487 238
6088 2894
5475 8866
1365 1941
4725 2633
1765 877
9339 6808
6961 8306
163 3247
9828 6251
8337 4182
8680 560
9635 212
553 5404
706 3234
6215 5821
6775 8260
1693 8376
8968 9335
585 5818
2910 7145
3128 7834
1844 3313
655 7242
3822 623
9640 3819
3523 5966
7431 32
6585 4006
8840 5931
