0 1
0 2
0 3
2 4
0 5
4 6
5 7
1 8
8 9
8 10
8 11
3 12
0 13
0 14
12 15
15 16
2 17
12 18
5 19
18 20
3 21
21 22
15 23
21 24
0 25
19 26
5 27
12 28
28 29
28 30
1 31
27 32
10 33
12 34
30 35
35 36
7 37
5 38
2 39
16 40
34 41
24 42
35 43
0 44
36 45
42 46
33 47
2 48
2 49
19 50
10 51
42 52
37 53
32 54
37 55
26 56
47 57
46 58
23 59
1 60
26 61
32 62
50 63
7 64
17 65
34 66
64 67
16 68
47 69
26 70
12 71
23 72
69 73
37 74
66 75
15 76
24 77
9 78
57 79
45 80
41 81
50 82
41 83
45 84
65 85
37 86
67 87
83 88
9 89
79 90
79 91
83 92
73 93
40 94
15 95
17 96
61 97
4 98
80 99
98 100
3 101
45 102
14 103
92 104
60 105
8 106
45 107
5 108
19 109
14 110
48 111
111 112
62 113
94 114
9 115
64 116
56 117
40 118
25 119
117 120
107 121
118 122
81 123
13 124
63 125
21 126
77 127
13 128
85 129
92 130
87 131
74 132
87 133
107 134
106 135
51 136
29 137
106 138
12 139
117 140
33 141
135 142
105 143
76 144
43 145
132 146
37 147
42 148
117 149
10 150
98 151
106 152
77 153
86 154
108 155
144 156
17 157
152 158
73 159
83 160
24 161
116 162
63 163
144 164
153 165
90 166
26 167
95 168
3 169
19 170
163 171
63 172
126 173
158 174
19 175
8 176
75 177
6 178
32 179
172 180
134 181
29 182
114 183
103 184
47 185
131 186
31 187
23 188
69 189
189 190
38 191
188 192
38 193
63 194
170 195
39 196
169 197
110 198
26 199
46 200
131 201
139 202
90 203
24 204
184 205
132 206
1 207
39 208
35 209
2 210
156 211
98 212
203 213
90 214
63 215
201 216
208 217
94 218
100 219
167 220
82 221
182 222
65 223
154 224
94 225
206 226
95 227
204 228
200 229
4 230
54 231
91 232
128 233
171 234
133 235
84 236
89 237
60 238
154 239
237 240
89 241
65 242
153 243
66 244
203 245
72 246
161 247
194 248
130 249
182 250
229 251
176 252
129 253
187 254
240 255
232 256
83 257
234 258
209 259
98 260
42 261
123 262
54 263
162 264
210 265
104 266
97 267
62 268
58 269
244 270
201 271
222 272
228 273
188 274
249 275
127 276
195 277
119 278
252 279
152 280
237 281
91 282
262 283
213 284
283 285
37 286
6 287
166 288
205 289
47 290
221 291
46 292
97 293
33 294
283 295
47 296
232 297
207 298
121 299
139 300
196 301
96 302
1 303
78 304
74 305
31 306
227 307
7 308
31 309
267 310
24 311
21 312
176 313
312 314
13 315
126 316
246 317
169 318
293 319
91 320
254 321
113 322
137 323
67 324
64 325
28 326
39 327
118 328
106 329
202 330
222 331
170 332
275 333
48 334
142 335
129 336
200 337
269 338
204 339
299 340
310 341
92 342
128 343
255 344
227 345
175 346
6 347
296 348
280 349
123 350
46 351
341 352
14 353
55 354
48 355
202 356
185 357
42 358
90 359
283 360
0 361
225 362
349 363
8 364
67 365
337 366
21 367
347 368
330 369
247 370
78 371
274 372
193 373
87 374
44 375
112 376
144 377
58 378
263 379
299 380
142 381
265 382
291 383
376 384
122 385
102 386
151 387
86 388
341 389
284 390
382 391
194 392
180 393
311 394
372 395
272 396
198 397
90 398
93 399
256 400
203 401
305 402
275 403
324 404
137 405
194 406
164 407
270 408
93 409
321 410
74 411
46 412
404 413
399 414
173 415
328 416
358 417
267 418
295 419
16 420
321 421
125 422
419 423
399 424
132 425
115 426
386 427
367 428
357 429
265 430
331 431
180 432
365 433
257 434
340 435
346 436
96 437
38 438
55 439
123 440
281 441
158 442
439 443
189 444
132 445
292 446
243 447
265 448
151 449
112 450
262 451
151 452
158 453
291 454
25 455
54 456
13 457
446 458
64 459
409 460
134 461
98 462
367 463
44 464
371 465
124 466
145 467
152 468
82 469
98 470
1 471
93 472
247 473
63 474
228 475
282 476
359 477
457 478
90 479
448 480
220 481
259 482
394 483
220 484
332 485
93 486
411 487
419 488
303 489
478 490
51 491
117 492
434 493
66 494
336 495
122 496
266 497
387 498
311 499
157 500
196 501
127 502
149 503
95 504
21 505
293 506
156 507
342 508
177 509
324 510
328 511
421 512
202 513
221 514
259 515
71 516
186 517
295 518
260 519
163 520
58 521
477 522
141 523
455 524
420 525
241 526
69 527
51 528
123 529
142 530
471 531
78 532
155 533
478 534
98 535
532 536
279 537
527 538
442 539
112 540
264 541
523 542
336 543
347 544
453 545
219 546
8 547
167 548
54 549
281 550
525 551
384 552
487 553
264 554
293 555
92 556
58 557
519 558
383 559
540 560
442 561
518 562
267 563
226 564
248 565
236 566
482 567
90 568
217 569
88 570
416 571
17 572
277 573
131 574
568 575
265 576
268 577
281 578
298 579
132 580
212 581
86 582
492 583
327 584
150 585
581 586
61 587
84 588
239 589
304 590
275 591
119 592
286 593
248 594
160 595
490 596
343 597
141 598
224 599
428 600
28 601
130 602
462 603
424 604
299 605
391 606
468 607
123 608
184 609
337 610
177 611
519 612
135 613
434 614
284 615
548 616
287 617
149 618
111 619
354 620
575 621
442 622
448 623
569 624
195 625
190 626
158 627
21 628
176 629
411 630
254 631
501 632
361 633
157 634
562 635
330 636
43 637
625 638
73 639
182 640
96 641
418 642
487 643
108 644
270 645
502 646
174 647
52 648
569 649
433 650
371 651
238 652
394 653
149 654
445 655
519 656
138 657
158 658
32 659
208 660
34 661
395 662
157 663
531 664
312 665
149 666
367 667
10 668
13 669
521 670
388 671
575 672
151 673
5 674
567 675
638 676
116 677
320 678
185 679
673 680
19 681
387 682
419 683
409 684
635 685
39 686
264 687
659 688
605 689
169 690
592 691
318 692
108 693
654 694
572 695
441 696
407 697
17 698
469 699
18 700
251 701
115 702
521 703
536 704
49 705
300 706
696 707
418 708
277 709
522 710
106 711
256 712
575 713
180 714
194 715
83 716
682 717
35 718
554 719
19 720
681 721
198 722
84 723
260 724
323 725
702 726
28 727
347 728
621 729
356 730
223 731
562 732
518 733
4 734
414 735
7 736
213 737
596 738
72 739
511 740
539 741
503 742
404 743
358 744
427 745
652 746
343 747
523 748
125 749
514 750
367 751
185 752
512 753
415 754
558 755
370 756
85 757
33 758
73 759
581 760
227 761
677 762
376 763
359 764
427 765
65 766
573 767
718 768
46 769
460 770
368 771
310 772
764 773
340 774
274 775
45 776
522 777
756 778
283 779
562 780
79 781
331 782
340 783
603 784
471 785
415 786
253 787
463 788
22 789
563 790
680 791
411 792
535 793
453 794
308 795
417 796
515 797
354 798
263 799
499 800
438 801
760 802
645 803
6 804
244 805
331 806
35 807
43 808
593 809
584 810
381 811
591 812
369 813
11 814
90 815
603 816
708 817
88 818
728 819
587 820
222 821
113 822
62 823
449 824
138 825
658 826
433 827
583 828
311 829
213 830
600 831
185 832
193 833
734 834
600 835
332 836
828 837
256 838
283 839
26 840
161 841
663 842
518 843
199 844
324 845
807 846
6 847
575 848
574 849
320 850
182 851
235 852
45 853
410 854
851 855
731 856
127 857
568 858
361 859
829 860
486 861
481 862
391 863
67 864
421 865
67 866
280 867
515 868
223 869
200 870
763 871
512 872
143 873
120 874
81 875
105 876
623 877
575 878
702 879
442 880
574 881
361 882
440 883
587 884
836 885
68 886
714 887
325 888
256 889
409 890
890 891
500 892
647 893
137 894
341 895
311 896
282 897
618 898
888 899
332 900
281 901
149 902
900 903
607 904
190 905
695 906
618 907
598 908
173 909
495 910
724 911
687 912
785 913
181 914
776 915
126 916
682 917
189 918
409 919
619 920
403 921
6 922
467 923
308 924
76 925
135 926
487 927
248 928
487 929
793 930
21 931
186 932
363 933
927 934
439 935
877 936
625 937
173 938
100 939
613 940
122 941
116 942
602 943
36 944
843 945
320 946
546 947
13 948
841 949
140 950
772 951
601 952
787 953
180 954
349 955
44 956
137 957
497 958
48 959
553 960
685 961
65 962
806 963
442 964
73 965
661 966
170 967
340 968
827 969
392 970
202 971
579 972
516 973
831 974
116 975
556 976
152 977
39 978
257 979
699 980
390 981
871 982
646 983
235 984
191 985
268 986
135 987
297 988
561 989
977 990
928 991
688 992
388 993
25 994
479 995
507 996
457 997
200 998
786 999
826 1000
879 1001
78 1002
260 1003
468 1004
542 1005
860 1006
147 1007
107 1008
479 1009
267 1010
458 1011
416 1012
958 1013
834 1014
375 1015
181 1016
599 1017
976 1018
702 1019
442 1020
973 1021
752 1022
644 1023
949 1024
153 1025
321 1026
629 1027
90 1028
713 1029
624 1030
45 1031
178 1032
458 1033
686 1034
608 1035
991 1036
134 1037
151 1038
677 1039
468 1040
478 1041
709 1042
737 1043
598 1044
437 1045
254 1046
198 1047
764 1048
668 1049
792 1050
216 1051
235 1052
598 1053
417 1054
536 1055
717 1056
600 1057
299 1058
363 1059
963 1060
764 1061
461 1062
197 1063
359 1064
797 1065
605 1066
872 1067
292 1068
539 1069
595 1070
485 1071
941 1072
50 1073
77 1074
146 1075
466 1076
364 1077
764 1078
283 1079
682 1080
266 1081
1024 1082
359 1083
954 1084
465 1085
654 1086
874 1087
939 1088
125 1089
88 1090
196 1091
685 1092
610 1093
1076 1094
221 1095
7 1096
1048 1097
912 1098
420 1099
168 1100
1057 1101
288 1102
338 1103
1033 1104
410 1105
1093 1106
839 1107
603 1108
212 1109
530 1110
524 1111
892 1112
307 1113
486 1114
648 1115
869 1116
54 1117
981 1118
640 1119
909 1120
283 1121
473 1122
976 1123
228 1124
225 1125
133 1126
431 1127
389 1128
970 1129
33 1130
702 1131
1127 1132
149 1133
962 1134
560 1135
492 1136
33 1137
410 1138
697 1139
570 1140
821 1141
106 1142
1009 1143
670 1144
586 1145
98 1146
366 1147
76 1148
665 1149
969 1150
3 1151
1017 1152
1085 1153
964 1154
900 1155
585 1156
656 1157
172 1158
772 1159
789 1160
74 1161
1068 1162
950 1163
180 1164
541 1165
638 1166
817 1167
74 1168
895 1169
915 1170
1116 1171
458 1172
453 1173
733 1174
593 1175
149 1176
703 1177
199 1178
777 1179
680 1180
901 1181
1146 1182
313 1183
530 1184
1046 1185
88 1186
302 1187
296 1188
3 1189
1101 1190
828 1191
187 1192
838 1193
571 1194
1168 1195
188 1196
120 1197
777 1198
166 1199
119 1200
110 1201
702 1202
557 1203
637 1204
640 1205
764 1206
195 1207
723 1208
223 1209
787 1210
1015 1211
520 1212
979 1213
212 1214
1088 1215
444 1216
162 1217
979 1218
475 1219
180 1220
602 1221
822 1222
670 1223
458 1224
789 1225
744 1226
1011 1227
638 1228
504 1229
239 1230
1157 1231
71 1232
690 1233
987 1234
426 1235
59 1236
83 1237
457 1238
583 1239
533 1240
919 1241
503 1242
1005 1243
805 1244
553 1245
519 1246
651 1247
507 1248
411 1249
6 1250
365 1251
1066 1252
220 1253
203 1254
1226 1255
336 1256
143 1257
179 1258
151 1259
978 1260
834 1261
528 1262
72 1263
766 1264
793 1265
1023 1266
505 1267
689 1268
326 1269
350 1270
721 1271
576 1272
384 1273
976 1274
1043 1275
1238 1276
329 1277
185 1278
622 1279
851 1280
849 1281
1146 1282
239 1283
101 1284
516 1285
736 1286
379 1287
584 1288
1220 1289
673 1290
1016 1291
758 1292
909 1293
1061 1294
131 1295
336 1296
703 1297
889 1298
100 1299
879 1300
142 1301
1112 1302
49 1303
1206 1304
355 1305
1214 1306
352 1307
804 1308
769 1309
688 1310
764 1311
296 1312
535 1313
261 1314
1058 1315
190 1316
1113 1317
265 1318
880 1319
454 1320
224 1321
0 1322
217 1323
1159 1324
751 1325
404 1326
1158 1327
177 1328
1260 1329
1105 1330
1220 1331
900 1332
1294 1333
481 1334
1310 1335
989 1336
80 1337
410 1338
685 1339
135 1340
90 1341
36 1342
246 1343
159 1344
600 1345
601 1346
815 1347
852 1348
746 1349
1270 1350
509 1351
1142 1352
1283 1353
127 1354
1052 1355
1344 1356
297 1357
158 1358
967 1359
1189 1360
45 1361
580 1362
1285 1363
12 1364
190 1365
541 1366
1165 1367
1367 1368
720 1369
400 1370
474 1371
874 1372
925 1373
1049 1374
1361 1375
634 1376
516 1377
327 1378
116 1379
648 1380
141 1381
25 1382
427 1383
772 1384
1244 1385
1333 1386
58 1387
742 1388
823 1389
405 1390
1281 1391
1024 1392
553 1393
311 1394
395 1395
156 1396
388 1397
1067 1398
798 1399
1362 1400
646 1401
588 1402
94 1403
366 1404
629 1405
1351 1406
360 1407
1150 1408
1222 1409
790 1410
369 1411
17 1412
502 1413
962 1414
228 1415
20 1416
492 1417
1020 1418
1026 1419
916 1420
313 1421
213 1422
598 1423
1207 1424
509 1425
6 1426
392 1427
1240 1428
723 1429
1344 1430
143 1431
664 1432
341 1433
60 1434
1085 1435
1410 1436
1403 1437
556 1438
625 1439
463 1440
1413 1441
952 1442
236 1443
328 1444
766 1445
86 1446
1128 1447
1162 1448
377 1449
770 1450
636 1451
508 1452
874 1453
1379 1454
716 1455
1228 1456
1276 1457
1021 1458
502 1459
271 1460
561 1461
790 1462
490 1463
1031 1464
997 1465
180 1466
298 1467
318 1468
689 1469
412 1470
1322 1471
1297 1472
793 1473
1086 1474
560 1475
1253 1476
41 1477
1061 1478
1257 1479
1426 1480
941 1481
932 1482
1397 1483
1258 1484
397 1485
216 1486
1178 1487
36 1488
1212 1489
875 1490
916 1491
410 1492
1432 1493
489 1494
179 1495
210 1496
1397 1497
20 1498
98 1499
1271 1500
673 1501
638 1502
196 1503
585 1504
27 1505
776 1506
892 1507
534 1508
1038 1509
1369 1510
847 1511
1281 1512
1262 1513
1235 1514
73 1515
195 1516
958 1517
74 1518
1481 1519
1459 1520
8 1521
253 1522
775 1523
4 1524
1164 1525
591 1526
898 1527
708 1528
939 1529
1119 1530
964 1531
1461 1532
148 1533
1336 1534
695 1535
377 1536
511 1537
1275 1538
352 1539
82 1540
1076 1541
1447 1542
988 1543
265 1544
954 1545
1473 1546
1491 1547
294 1548
225 1549
135 1550
1245 1551
446 1552
701 1553
403 1554
264 1555
1093 1556
1555 1557
763 1558
1124 1559
1243 1560
1157 1561
634 1562
1004 1563
347 1564
240 1565
8 1566
1405 1567
1350 1568
1188 1569
1356 1570
1504 1571
1023 1572
1321 1573
420 1574
1390 1575
1567 1576
1289 1577
447 1578
1207 1579
1116 1580
110 1581
496 1582
1363 1583
23 1584
1401 1585
108 1586
640 1587
135 1588
1350 1589
1008 1590
488 1591
682 1592
844 1593
622 1594
1142 1595
134 1596
724 1597
629 1598
308 1599
1109 1600
1101 1601
627 1602
374 1603
397 1604
423 1605
934 1606
1526 1607
519 1608
183 1609
1136 1610
149 1611
393 1612
383 1613
1043 1614
531 1615
883 1616
758 1617
606 1618
1584 1619
1363 1620
348 1621
1306 1622
369 1623
1236 1624
487 1625
875 1626
1533 1627
973 1628
532 1629
998 1630
413 1631
1096 1632
170 1633
1248 1634
1398 1635
125 1636
1168 1637
307 1638
1588 1639
1638 1640
1530 1641
1062 1642
280 1643
1572 1644
424 1645
1392 1646
1157 1647
1559 1648
678 1649
1610 1650
768 1651
832 1652
87 1653
705 1654
1491 1655
775 1656
678 1657
1527 1658
964 1659
957 1660
1091 1661
99 1662
987 1663
324 1664
769 1665
1074 1666
1360 1667
31 1668
1620 1669
1475 1670
252 1671
758 1672
1547 1673
738 1674
928 1675
1346 1676
1634 1677
892 1678
1607 1679
1125 1680
468 1681
653 1682
702 1683
1164 1684
711 1685
1590 1686
1520 1687
94 1688
527 1689
728 1690
1053 1691
1154 1692
1214 1693
936 1694
89 1695
14 1696
1508 1697
1216 1698
419 1699
354 1700
878 1701
1199 1702
1323 1703
1604 1704
1171 1705
658 1706
182 1707
1146 1708
471 1709
1138 1710
374 1711
675 1712
920 1713
83 1714
1034 1715
855 1716
1672 1717
328 1718
855 1719
157 1720
1720 1721
549 1722
208 1723
714 1724
736 1725
1199 1726
1571 1727
1512 1728
844 1729
105 1730
1290 1731
519 1732
954 1733
1236 1734
12 1735
1581 1736
952 1737
1206 1738
182 1739
1140 1740
1472 1741
1556 1742
626 1743
899 1744
75 1745
1297 1746
588 1747
58 1748
850 1749
1031 1750
36 1751
1720 1752
1347 1753
1281 1754
624 1755
812 1756
730 1757
1725 1758
155 1759
728 1760
517 1761
1185 1762
944 1763
709 1764
1349 1765
1324 1766
186 1767
635 1768
443 1769
1566 1770
1316 1771
1734 1772
1662 1773
1762 1774
1512 1775
811 1776
78 1777
1525 1778
1152 1779
1644 1780
1108 1781
489 1782
171 1783
1547 1784
48 1785
393 1786
1142 1787
806 1788
1520 1789
193 1790
71 1791
480 1792
41 1793
1322 1794
1114 1795
45 1796
1477 1797
213 1798
713 1799
835 1800
1305 1801
1622 1802
1247 1803
613 1804
901 1805
355 1806
663 1807
1277 1808
1734 1809
1755 1810
1397 1811
1290 1812
1676 1813
578 1814
628 1815
1090 1816
1018 1817
1196 1818
743 1819
664 1820
223 1821
1205 1822
359 1823
838 1824
595 1825
773 1826
355 1827
1318 1828
729 1829
688 1830
1375 1831
1018 1832
770 1833
1044 1834
1354 1835
732 1836
264 1837
1623 1838
695 1839
239 1840
542 1841
742 1842
1457 1843
544 1844
585 1845
33 1846
751 1847
1377 1848
46 1849
180 1850
583 1851
1099 1852
1650 1853
1537 1854
311 1855
1101 1856
934 1857
1021 1858
238 1859
1777 1860
221 1861
637 1862
1058 1863
1634 1864
1523 1865
557 1866
1546 1867
1568 1868
864 1869
564 1870
628 1871
691 1872
1125 1873
569 1874
428 1875
1513 1876
1677 1877
253 1878
1663 1879
532 1880
324 1881
1317 1882
376 1883
67 1884
749 1885
1330 1886
435 1887
1464 1888
521 1889
1662 1890
1842 1891
1177 1892
92 1893
1404 1894
535 1895
889 1896
53 1897
951 1898
1375 1899
1312 1900
40 1901
1775 1902
1140 1903
959 1904
1563 1905
1580 1906
1506 1907
1541 1908
521 1909
558 1910
534 1911
1855 1912
1450 1913
1205 1914
77 1915
75 1916
1875 1917
573 1918
1637 1919
77 1920
1488 1921
1558 1922
1105 1923
1087 1924
1918 1925
239 1926
1764 1927
833 1928
778 1929
1545 1930
930 1931
857 1932
1478 1933
857 1934
1581 1935
1750 1936
1174 1937
168 1938
1865 1939
90 1940
976 1941
1898 1942
275 1943
1406 1944
1624 1945
429 1946
1202 1947
988 1948
1548 1949
1312 1950
1455 1951
1903 1952
1566 1953
1613 1954
55 1955
446 1956
919 1957
70 1958
622 1959
744 1960
319 1961
256 1962
1503 1963
1394 1964
814 1965
1554 1966
1491 1967
348 1968
1661 1969
332 1970
590 1971
201 1972
776 1973
1436 1974
1224 1975
69 1976
498 1977
1780 1978
47 1979
1481 1980
1946 1981
1251 1982
548 1983
385 1984
1698 1985
723 1986
1247 1987
1591 1988
517 1989
545 1990
278 1991
49 1992
553 1993
1808 1994
1165 1995
1105 1996
1696 1997
452 1998
791 1999
1828 2000
1874 2001
1358 2002
1098 2003
628 2004
519 2005
1454 2006
445 2007
1200 2008
822 2009
291 2010
374 2011
1066 2012
197 2013
602 2014
700 2015
1609 2016
469 2017
74 2018
1706 2019
1321 2020
938 2021
1318 2022
929 2023
1759 2024
925 2025
1152 2026
1019 2027
270 2028
1669 2029
314 2030
119 2031
1060 2032
1974 2033
1179 2034
1893 2035
643 2036
683 2037
714 2038
425 2039
363 2040
1933 2041
346 2042
1910 2043
281 2044
1371 2045
724 2046
90 2047
1260 2048
98 2049
2041 2050
584 2051
1777 2052
1187 2053
1374 2054
1416 2055
200 2056
424 2057
1461 2058
1936 2059
1046 2060
1485 2061
1702 2062
1321 2063
543 2064
1651 2065
1149 2066
2039 2067
721 2068
1099 2069
50 2070
1829 2071
1938 2072
1327 2073
1557 2074
257 2075
591 2076
1466 2077
744 2078
504 2079
296 2080
355 2081
430 2082
955 2083
251 2084
1320 2085
1628 2086
1890 2087
1447 2088
1624 2089
725 2090
907 2091
609 2092
488 2093
1299 2094
45 2095
1177 2096
963 2097
779 2098
1915 2099
1675 2100
595 2101
1544 2102
195 2103
329 2104
2025 2105
1162 2106
727 2107
947 2108
513 2109
792 2110
624 2111
1287 2112
63 2113
932 2114
1017 2115
1382 2116
1446 2117
1181 2118
895 2119
1063 2120
814 2121
1256 2122
743 2123
1742 2124
349 2125
1218 2126
708 2127
774 2128
1100 2129
2012 2130
855 2131
1780 2132
451 2133
558 2134
323 2135
2069 2136
763 2137
349 2138
1934 2139
1482 2140
1713 2141
1092 2142
1676 2143
1162 2144
580 2145
1338 2146
2013 2147
1970 2148
1171 2149
1710 2150
2059 2151
2054 2152
1449 2153
1229 2154
1743 2155
1921 2156
1713 2157
2015 2158
418 2159
1177 2160
1263 2161
1567 2162
964 2163
729 2164
1935 2165
1554 2166
828 2167
448 2168
2036 2169
1402 2170
390 2171
1143 2172
1638 2173
1173 2174
1142 2175
791 2176
184 2177
608 2178
1815 2179
461 2180
995 2181
1442 2182
1235 2183
1383 2184
1456 2185
209 2186
1052 2187
687 2188
2091 2189
1696 2190
682 2191
888 2192
1564 2193
87 2194
1273 2195
1453 2196
1253 2197
1546 2198
234 2199
527 2200
1661 2201
1990 2202
26 2203
208 2204
2114 2205
2001 2206
2178 2207
977 2208
1428 2209
1289 2210
491 2211
1244 2212
860 2213
575 2214
318 2215
454 2216
2028 2217
178 2218
178 2219
1032 2220
531 2221
697 2222
192 2223
1094 2224
1519 2225
1523 2226
939 2227
1877 2228
1907 2229
508 2230
1938 2231
871 2232
2172 2233
1429 2234
912 2235
329 2236
1787 2237
1030 2238
45 2239
1628 2240
2115 2241
1660 2242
2044 2243
1897 2244
621 2245
1944 2246
2217 2247
1695 2248
1482 2249
1985 2250
1409 2251
123 2252
1686 2253
2213 2254
264 2255
743 2256
37 2257
520 2258
1552 2259
581 2260
827 2261
1848 2262
1212 2263
1850 2264
203 2265
2108 2266
285 2267
1911 2268
255 2269
581 2270
123 2271
668 2272
1594 2273
219 2274
1325 2275
836 2276
2153 2277
483 2278
2181 2279
270 2280
214 2281
2156 2282
2021 2283
1845 2284
1929 2285
1910 2286
863 2287
1839 2288
2108 2289
1461 2290
1115 2291
524 2292
912 2293
2070 2294
1407 2295
830 2296
891 2297
222 2298
599 2299
1209 2300
1734 2301
1455 2302
848 2303
1397 2304
2146 2305
1182 2306
869 2307
1760 2308
257 2309
1164 2310
376 2311
1606 2312
737 2313
1101 2314
380 2315
1725 2316
517 2317
332 2318
142 2319
1762 2320
1547 2321
956 2322
2067 2323
2174 2324
1732 2325
2299 2326
1053 2327
461 2328
2033 2329
537 2330
1995 2331
2048 2332
1385 2333
940 2334
1225 2335
907 2336
2278 2337
208 2338
139 2339
2238 2340
200 2341
1094 2342
1885 2343
2253 2344
2275 2345
464 2346
1155 2347
536 2348
73 2349
1521 2350
1301 2351
1253 2352
1363 2353
1329 2354
159 2355
1548 2356
1772 2357
1721 2358
325 2359
1556 2360
773 2361
1944 2362
1377 2363
476 2364
757 2365
476 2366
1827 2367
1859 2368
309 2369
1436 2370
2058 2371
1925 2372
681 2373
595 2374
627 2375
1590 2376
329 2377
1171 2378
1237 2379
101 2380
239 2381
1653 2382
602 2383
1322 2384
1033 2385
2165 2386
1432 2387
518 2388
103 2389
2384 2390
1251 2391
1472 2392
2021 2393
1131 2394
207 2395
712 2396
1778 2397
1022 2398
35 2399
1439 2400
1877 2401
500 2402
257 2403
2070 2404
616 2405
1602 2406
176 2407
1405 2408
1025 2409
2376 2410
849 2411
1629 2412
473 2413
1364 2414
1778 2415
1110 2416
1071 2417
256 2418
1081 2419
1987 2420
1614 2421
769 2422
1703 2423
899 2424
2329 2425
1360 2426
695 2427
2344 2428
1391 2429
2303 2430
1641 2431
1060 2432
2167 2433
2324 2434
1242 2435
1160 2436
112 2437
2117 2438
593 2439
382 2440
437 2441
1958 2442
2299 2443
859 2444
2027 2445
1271 2446
1327 2447
2445 2448
340 2449
267 2450
51 2451
859 2452
753 2453
191 2454
1668 2455
755 2456
256 2457
287 2458
1267 2459
2193 2460
1973 2461
123 2462
2272 2463
534 2464
1932 2465
1349 2466
305 2467
1624 2468
1287 2469
1672 2470
829 2471
294 2472
813 2473
2090 2474
754 2475
616 2476
1547 2477
212 2478
2088 2479
1667 2480
2468 2481
2099 2482
1783 2483
2199 2484
652 2485
806 2486
609 2487
707 2488
2389 2489
1084 2490
2402 2491
911 2492
1783 2493
836 2494
744 2495
1337 2496
1765 2497
1122 2498
952 2499
1354 2500
1696 2501
1516 2502
489 2503
727 2504
31 2505
2291 2506
910 2507
1927 2508
82 2509
2139 2510
2319 2511
973 2512
153 2513
72 2514
1164 2515
803 2516
1959 2517
2328 2518
585 2519
2102 2520
1913 2521
1793 2522
518 2523
41 2524
20 2525
1017 2526
922 2527
2418 2528
2440 2529
2232 2530
763 2531
1956 2532
1069 2533
320 2534
785 2535
1878 2536
2128 2537
1013 2538
2260 2539
1641 2540
2092 2541
1842 2542
2460 2543
1821 2544
1392 2545
2017 2546
2019 2547
1370 2548
1461 2549
1231 2550
596 2551
58 2552
871 2553
801 2554
1599 2555
1540 2556
2333 2557
1106 2558
2557 2559
163 2560
598 2561
1631 2562
1174 2563
1977 2564
1327 2565
2240 2566
1485 2567
631 2568
442 2569
2184 2570
692 2571
1466 2572
932 2573
1748 2574
1042 2575
1144 2576
2562 2577
2128 2578
1342 2579
2489 2580
1439 2581
338 2582
201 2583
2570 2584
17 2585
821 2586
272 2587
795 2588
503 2589
163 2590
142 2591
2545 2592
1681 2593
703 2594
938 2595
1135 2596
470 2597
916 2598
1359 2599
1662 2600
2551 2601
1121 2602
926 2603
2577 2604
676 2605
2422 2606
2108 2607
610 2608
2235 2609
1783 2610
166 2611
927 2612
204 2613
1062 2614
267 2615
521 2616
272 2617
712 2618
1333 2619
467 2620
1274 2621
1497 2622
2104 2623
384 2624
647 2625
115 2626
1655 2627
1846 2628
1243 2629
569 2630
1438 2631
63 2632
2297 2633
1480 2634
898 2635
2270 2636
1196 2637
1038 2638
1754 2639
1344 2640
622 2641
2265 2642
1155 2643
589 2644
2390 2645
1215 2646
1907 2647
1653 2648
1961 2649
1690 2650
305 2651
811 2652
978 2653
114 2654
2323 2655
1045 2656
1872 2657
576 2658
648 2659
72 2660
401 2661
2413 2662
2341 2663
431 2664
1332 2665
880 2666
1612 2667
722 2668
2388 2669
1373 2670
2161 2671
2612 2672
1278 2673
841 2674
310 2675
290 2676
2118 2677
1231 2678
1121 2679
921 2680
2152 2681
275 2682
603 2683
2232 2684
2447 2685
669 2686
2114 2687
1522 2688
1795 2689
1060 2690
2628 2691
2638 2692
1494 2693
2327 2694
116 2695
2560 2696
805 2697
174 2698
1459 2699
709 2700
2071 2701
1195 2702
635 2703
564 2704
305 2705
664 2706
1962 2707
2083 2708
1316 2709
1939 2710
1764 2711
2145 2712
1578 2713
1107 2714
94 2715
2229 2716
1791 2717
1341 2718
1922 2719
61 2720
1934 2721
1329 2722
2482 2723
530 2724
2293 2725
1513 2726
1007 2727
1495 2728
2666 2729
2576 2730
1852 2731
1686 2732
2184 2733
652 2734
2723 2735
1762 2736
54 2737
1390 2738
953 2739
1460 2740
903 2741
588 2742
1355 2743
2329 2744
685 2745
1729 2746
1933 2747
1011 2748
2066 2749
2069 2750
1237 2751
1880 2752
42 2753
635 2754
1676 2755
1848 2756
312 2757
2439 2758
1611 2759
953 2760
2694 2761
2407 2762
2040 2763
2570 2764
2518 2765
1661 2766
188 2767
1796 2768
2544 2769
2573 2770
2276 2771
367 2772
542 2773
756 2774
2733 2775
2524 2776
812 2777
1876 2778
2196 2779
1270 2780
1242 2781
216 2782
2078 2783
1257 2784
1512 2785
2748 2786
418 2787
1055 2788
1691 2789
1108 2790
1741 2791
1560 2792
447 2793
1733 2794
846 2795
1608 2796
401 2797
479 2798
252 2799
908 2800
1042 2801
99 2802
1855 2803
923 2804
414 2805
975 2806
657 2807
2456 2808
2014 2809
763 2810
1591 2811
2345 2812
1932 2813
2267 2814
1240 2815
786 2816
2576 2817
174 2818
1861 2819
1008 2820
112 2821
439 2822
742 2823
426 2824
222 2825
2377 2826
400 2827
1357 2828
903 2829
1618 2830
523 2831
496 2832
462 2833
674 2834
1693 2835
886 2836
1742 2837
459 2838
2032 2839
728 2840
2638 2841
539 2842
1293 2843
944 2844
432 2845
596 2846
2360 2847
2169 2848
712 2849
936 2850
55 2851
574 2852
221 2853
2272 2854
340 2855
1809 2856
1992 2857
591 2858
2034 2859
1856 2860
672 2861
2736 2862
1176 2863
2226 2864
287 2865
642 2866
2158 2867
496 2868
1611 2869
277 2870
38 2871
1936 2872
126 2873
2076 2874
1090 2875
792 2876
1356 2877
1203 2878
2599 2879
576 2880
415 2881
605 2882
2585 2883
2362 2884
2567 2885
1157 2886
741 2887
2723 2888
480 2889
1846 2890
2812 2891
1810 2892
1213 2893
932 2894
1596 2895
1656 2896
642 2897
1626 2898
888 2899
1798 2900
961 2901
880 2902
2885 2903
604 2904
2024 2905
2070 2906
2772 2907
429 2908
2382 2909
2309 2910
2497 2911
2381 2912
1456 2913
918 2914
57 2915
2019 2916
643 2917
275 2918
2233 2919
330 2920
877 2921
497 2922
1980 2923
2618 2924
1409 2925
592 2926
2470 2927
1717 2928
533 2929
2578 2930
708 2931
2784 2932
1145 2933
1288 2934
1026 2935
1200 2936
937 2937
1211 2938
751 2939
2290 2940
615 2941
1712 2942
256 2943
771 2944
2799 2945
1393 2946
1806 2947
938 2948
2110 2949
2292 2950
613 2951
1132 2952
923 2953
580 2954
832 2955
1581 2956
272 2957
2756 2958
497 2959
1644 2960
2227 2961
2087 2962
605 2963
2497 2964
2874 2965
2199 2966
1074 2967
8 2968
2496 2969
822 2970
2108 2971
1255 2972
1590 2973
180 2974
1796 2975
2437 2976
1219 2977
1160 2978
1342 2979
2602 2980
755 2981
2315 2982
2840 2983
1323 2984
2456 2985
1132 2986
762 2987
1814 2988
2727 2989
2289 2990
2807 2991
1203 2992
1383 2993
1696 2994
1947 2995
2374 2996
259 2997
926 2998
2476 2999
1696 3000
1958 3001
964 3002
144 3003
650 3004
240 3005
1007 3006
1746 3007
441 3008
1442 3009
2673 3010
326 3011
2700 3012
875 3013
1616 3014
1780 3015
1661 3016
858 3017
1597 3018
2901 3019
2330 3020
175 3021
1900 3022
1377 3023
381 3024
2585 3025
2515 3026
891 3027
1498 3028
1381 3029
2106 3030
2684 3031
2677 3032
2601 3033
2630 3034
894 3035
948 3036
445 3037
993 3038
2858 3039
2210 3040
1501 3041
1465 3042
360 3043
2944 3044
2007 3045
1471 3046
1079 3047
2412 3048
1149 3049
1541 3050
594 3051
2912 3052
714 3053
489 3054
1147 3055
1214 3056
503 3057
1638 3058
2436 3059
1298 3060
3015 3061
786 3062
12 3063
873 3064
535 3065
2486 3066
2849 3067
1299 3068
2087 3069
974 3070
1079 3071
196 3072
420 3073
925 3074
401 3075
1704 3076
1571 3077
437 3078
2397 3079
2638 3080
2769 3081
1361 3082
2397 3083
1037 3084
1714 3085
546 3086
2625 3087
2617 3088
1805 3089
970 3090
2966 3091
1101 3092
932 3093
387 3094
2060 3095
2969 3096
2703 3097
2960 3098
2572 3099
2351 3100
537 3101
1163 3102
1318 3103
2691 3104
3033 3105
1980 3106
644 3107
979 3108
1035 3109
1594 3110
1535 3111
2086 3112
1199 3113
2966 3114
2385 3115
3089 3116
2907 3117
611 3118
3066 3119
2500 3120
895 3121
1660 3122
1747 3123
436 3124
231 3125
2896 3126
2244 3127
2609 3128
1869 3129
2146 3130
1640 3131
1319 3132
2234 3133
1460 3134
1172 3135
2434 3136
3036 3137
1948 3138
2457 3139
2319 3140
2497 3141
2207 3142
2707 3143
2672 3144
921 3145
987 3146
2100 3147
1671 3148
2034 3149
235 3150
653 3151
290 3152
219 3153
2249 3154
725 3155
2854 3156
2659 3157
131 3158
1851 3159
965 3160
1306 3161
318 3162
935 3163
2500 3164
771 3165
525 3166
432 3167
1383 3168
2101 3169
2279 3170
2183 3171
1997 3172
112 3173
229 3174
2792 3175
3159 3176
1681 3177
2594 3178
17 3179
992 3180
617 3181
2993 3182
2612 3183
1143 3184
1890 3185
1693 3186
384 3187
2116 3188
975 3189
1579 3190
371 3191
450 3192
1392 3193
2180 3194
920 3195
1041 3196
717 3197
1346 3198
1244 3199
1749 3200
234 3201
2669 3202
1782 3203
884 3204
210 3205
1990 3206
1366 3207
3193 3208
1017 3209
1059 3210
1387 3211
3075 3212
2502 3213
2665 3214
1190 3215
2775 3216
1712 3217
2076 3218
1799 3219
105 3220
2397 3221
3072 3222
1336 3223
1858 3224
1829 3225
1827 3226
864 3227
1439 3228
32 3229
1534 3230
978 3231
1008 3232
3012 3233
892 3234
365 3235
2728 3236
3033 3237
2526 3238
899 3239
1281 3240
2119 3241
2178 3242
1463 3243
2848 3244
136 3245
2483 3246
2775 3247
342 3248
2567 3249
513 3250
2869 3251
2406 3252
2460 3253
2802 3254
3102 3255
858 3256
1266 3257
1837 3258
520 3259
302 3260
1649 3261
2706 3262
184 3263
668 3264
775 3265
1366 3266
1577 3267
3166 3268
2520 3269
2657 3270
523 3271
1379 3272
2259 3273
665 3274
2534 3275
2752 3276
1972 3277
1390 3278
2569 3279
2344 3280
3020 3281
1243 3282
495 3283
2802 3284
2717 3285
1265 3286
2099 3287
2743 3288
1044 3289
1589 3290
1275 3291
1117 3292
3106 3293
170 3294
455 3295
1149 3296
1639 3297
1592 3298
320 3299
2462 3300
1466 3301
2752 3302
3189 3303
1083 3304
927 3305
3050 3306
2510 3307
2579 3308
1265 3309
429 3310
1092 3311
1889 3312
883 3313
2726 3314
2906 3315
750 3316
3134 3317
2440 3318
955 3319
1907 3320
2479 3321
672 3322
2745 3323
760 3324
1988 3325
1909 3326
1066 3327
3255 3328
3231 3329
1104 3330
2566 3331
2351 3332
2464 3333
1956 3334
1644 3335
2309 3336
847 3337
1088 3338
1531 3339
3000 3340
2242 3341
2772 3342
2130 3343
325 3344
2280 3345
3228 3346
1882 3347
422 3348
3247 3349
2392 3350
1267 3351
2620 3352
811 3353
2336 3354
1461 3355
1608 3356
3133 3357
1289 3358
2930 3359
2542 3360
2027 3361
1157 3362
715 3363
2034 3364
1478 3365
2437 3366
2924 3367
3013 3368
2751 3369
55 3370
941 3371
1040 3372
290 3373
2313 3374
1978 3375
1640 3376
817 3377
1945 3378
1984 3379
2793 3380
2435 3381
57 3382
1215 3383
1412 3384
2198 3385
1412 3386
404 3387
425 3388
630 3389
2058 3390
479 3391
3206 3392
1117 3393
1834 3394
164 3395
1370 3396
1646 3397
277 3398
554 3399
391 3400
2567 3401
1572 3402
2556 3403
3214 3404
477 3405
2966 3406
2764 3407
2094 3408
846 3409
2907 3410
2283 3411
1703 3412
3159 3413
2129 3414
236 3415
2177 3416
1092 3417
2544 3418
1584 3419
3362 3420
1103 3421
499 3422
65 3423
772 3424
3120 3425
1939 3426
201 3427
1764 3428
1723 3429
28 3430
2597 3431
1263 3432
2210 3433
1778 3434
1707 3435
2719 3436
1273 3437
312 3438
1034 3439
43 3440
162 3441
3368 3442
463 3443
1413 3444
3114 3445
2237 3446
1621 3447
3397 3448
2827 3449
2420 3450
748 3451
691 3452
501 3453
2812 3454
533 3455
1386 3456
2108 3457
3449 3458
1379 3459
571 3460
3326 3461
2099 3462
517 3463
2729 3464
2161 3465
887 3466
2813 3467
2674 3468
753 3469
2968 3470
1873 3471
387 3472
3200 3473
3289 3474
2764 3475
1439 3476
1465 3477
1524 3478
735 3479
2486 3480
520 3481
3232 3482
1118 3483
833 3484
1542 3485
262 3486
29 3487
2685 3488
2563 3489
3114 3490
1548 3491
1704 3492
1584 3493
2803 3494
1514 3495
1697 3496
502 3497
1099 3498
1123 3499
2416 3500
2779 3501
178 3502
2722 3503
411 3504
3260 3505
2437 3506
2915 3507
2160 3508
733 3509
680 3510
375 3511
478 3512
3116 3513
2006 3514
2279 3515
1452 3516
1296 3517
2246 3518
3514 3519
193 3520
1299 3521
2292 3522
1004 3523
1143 3524
2829 3525
306 3526
90 3527
2643 3528
547 3529
237 3530
2475 3531
905 3532
1814 3533
3014 3534
201 3535
2357 3536
2235 3537
1590 3538
2067 3539
3421 3540
133 3541
1237 3542
2220 3543
163 3544
1902 3545
558 3546
2477 3547
727 3548
3211 3549
3282 3550
1328 3551
2682 3552
1956 3553
2357 3554
3531 3555
127 3556
3506 3557
2304 3558
1187 3559
1027 3560
3318 3561
1776 3562
3408 3563
3364 3564
803 3565
1151 3566
1643 3567
246 3568
3029 3569
700 3570
1203 3571
2541 3572
2759 3573
66 3574
3478 3575
1120 3576
2030 3577
3373 3578
2092 3579
835 3580
2520 3581
992 3582
1021 3583
2541 3584
1460 3585
851 3586
1651 3587
1980 3588
2865 3589
3234 3590
2747 3591
389 3592
2537 3593
2596 3594
1241 3595
1157 3596
1887 3597
2414 3598
3108 3599
3587 3600
965 3601
1495 3602
601 3603
2057 3604
3366 3605
637 3606
3436 3607
3384 3608
1129 3609
2288 3610
3181 3611
3371 3612
3342 3613
570 3614
2853 3615
1692 3616
253 3617
2704 3618
1043 3619
3443 3620
1524 3621
55 3622
2673 3623
2405 3624
485 3625
2088 3626
3549 3627
2101 3628
2260 3629
1509 3630
2413 3631
14 3632
75 3633
3113 3634
3083 3635
2752 3636
1530 3637
2206 3638
737 3639
233 3640
3318 3641
2802 3642
1173 3643
2764 3644
742 3645
925 3646
121 3647
1868 3648
2310 3649
2286 3650
785 3651
1040 3652
2230 3653
433 3654
2053 3655
3624 3656
1780 3657
459 3658
2468 3659
3508 3660
2248 3661
1922 3662
3089 3663
2412 3664
1085 3665
2096 3666
3468 3667
2823 3668
3214 3669
1960 3670
49 3671
3534 3672
2609 3673
2505 3674
2096 3675
1645 3676
1992 3677
3345 3678
56 3679
2114 3680
2144 3681
1419 3682
1596 3683
2574 3684
1178 3685
3548 3686
3562 3687
2776 3688
88 3689
1801 3690
1600 3691
141 3692
3552 3693
2041 3694
288 3695
290 3696
1914 3697
505 3698
406 3699
3161 3700
1990 3701
3498 3702
1184 3703
355 3704
3157 3705
3697 3706
1722 3707
2575 3708
2868 3709
246 3710
2533 3711
2880 3712
457 3713
2853 3714
2048 3715
2177 3716
3022 3717
3096 3718
1878 3719
2410 3720
1601 3721
3681 3722
751 3723
1908 3724
1067 3725
789 3726
1320 3727
2194 3728
3145 3729
3490 3730
1850 3731
175 3732
3658 3733
2450 3734
274 3735
2939 3736
2622 3737
2207 3738
2183 3739
709 3740
2473 3741
1746 3742
1285 3743
428 3744
246 3745
2573 3746
1635 3747
2170 3748
87 3749
2336 3750
3133 3751
987 3752
298 3753
3663 3754
2945 3755
2726 3756
100 3757
1889 3758
1722 3759
2994 3760
230 3761
2450 3762
1616 3763
600 3764
2107 3765
994 3766
2582 3767
1652 3768
243 3769
3591 3770
333 3771
584 3772
748 3773
2631 3774
1624 3775
2024 3776
1110 3777
1835 3778
1148 3779
681 3780
1933 3781
315 3782
1025 3783
1677 3784
3635 3785
511 3786
3553 3787
583 3788
2076 3789
675 3790
1631 3791
276 3792
1379 3793
1270 3794
2022 3795
2277 3796
1227 3797
3609 3798
1871 3799
1153 3800
2982 3801
1750 3802
701 3803
2124 3804
3242 3805
245 3806
1923 3807
1754 3808
2589 3809
570 3810
884 3811
2701 3812
1239 3813
179 3814
3269 3815
1933 3816
415 3817
1889 3818
2883 3819
750 3820
1539 3821
2869 3822
1339 3823
2702 3824
3058 3825
2696 3826
807 3827
1865 3828
343 3829
2471 3830
2962 3831
2518 3832
792 3833
1499 3834
783 3835
955 3836
1542 3837
3361 3838
2976 3839
3172 3840
1369 3841
1605 3842
699 3843
427 3844
1835 3845
2462 3846
2434 3847
2968 3848
469 3849
2933 3850
2235 3851
496 3852
3169 3853
3061 3854
1578 3855
2066 3856
2644 3857
1187 3858
2526 3859
469 3860
2382 3861
2819 3862
3427 3863
743 3864
158 3865
1808 3866
3194 3867
200 3868
3282 3869
2505 3870
432 3871
2092 3872
2738 3873
2506 3874
3036 3875
1602 3876
1688 3877
2491 3878
305 3879
3696 3880
236 3881
2921 3882
3172 3883
952 3884
1817 3885
1748 3886
3629 3887
3798 3888
1994 3889
222 3890
1062 3891
1165 3892
1050 3893
1873 3894
1196 3895
3528 3896
176 3897
2386 3898
1398 3899
1201 3900
1760 3901
2151 3902
901 3903
3348 3904
1617 3905
3791 3906
3499 3907
3367 3908
2013 3909
905 3910
3741 3911
3523 3912
1052 3913
16 3914
2798 3915
3415 3916
425 3917
2943 3918
3620 3919
1660 3920
3370 3921
2481 3922
1127 3923
2600 3924
534 3925
735 3926
2423 3927
2973 3928
24 3929
179 3930
1090 3931
3419 3932
3058 3933
652 3934
3555 3935
290 3936
3821 3937
1941 3938
534 3939
3797 3940
720 3941
3832 3942
3160 3943
1803 3944
2379 3945
1122 3946
3802 3947
2820 3948
1280 3949
2464 3950
2060 3951
1946 3952
593 3953
1248 3954
1021 3955
3075 3956
2694 3957
2684 3958
2307 3959
2482 3960
3828 3961
691 3962
3439 3963
3069 3964
2504 3965
1442 3966
915 3967
473 3968
3318 3969
959 3970
905 3971
3105 3972
139 3973
1870 3974
649 3975
1734 3976
3293 3977
2374 3978
2118 3979
3452 3980
790 3981
210 3982
2471 3983
947 3984
2123 3985
3446 3986
3451 3987
737 3988
2423 3989
126 3990
842 3991
667 3992
838 3993
131 3994
3225 3995
83 3996
107 3997
2333 3998
865 3999
2780 4000
1564 4001
2337 4002
2659 4003
2126 4004
582 4005
3299 4006
63 4007
2398 4008
2792 4009
3487 4010
890 4011
3422 4012
389 4013
1875 4014
436 4015
3466 4016
3617 4017
3710 4018
1318 4019
374 4020
1930 4021
3214 4022
684 4023
3148 4024
1779 4025
3234 4026
1391 4027
2506 4028
3801 4029
3013 4030
3459 4031
2833 4032
734 4033
394 4034
3604 4035
3565 4036
725 4037
3260 4038
1753 4039
1889 4040
238 4041
1349 4042
3931 4043
2143 4044
3459 4045
1341 4046
852 4047
549 4048
2197 4049
3814 4050
2614 4051
3887 4052
3216 4053
2183 4054
2831 4055
1665 4056
3603 4057
3775 4058
3812 4059
1822 4060
785 4061
3022 4062
3276 4063
3995 4064
1493 4065
3964 4066
277 4067
1434 4068
3149 4069
2098 4070
2559 4071
3114 4072
2788 4073
1315 4074
615 4075
3787 4076
2534 4077
3345 4078
828 4079
3255 4080
2447 4081
2646 4082
3071 4083
2576 4084
3111 4085
3765 4086
910 4087
566 4088
3960 4089
3530 4090
2124 4091
2366 4092
689 4093
3124 4094
2126 4095
734 4096
414 4097
1220 4098
531 4099
1608 4100
3774 4101
797 4102
2105 4103
2300 4104
3020 4105
2970 4106
4061 4107
3249 4108
589 4109
879 4110
471 4111
1684 4112
4021 4113
2905 4114
1374 4115
1960 4116
1736 4117
316 4118
1824 4119
1592 4120
2147 4121
1453 4122
2999 4123
3235 4124
3366 4125
1973 4126
3610 4127
3646 4128
1864 4129
2709 4130
815 4131
1651 4132
63 4133
2521 4134
650 4135
2157 4136
2797 4137
1926 4138
3416 4139
189 4140
1099 4141
932 4142
3083 4143
1280 4144
1143 4145
1386 4146
556 4147
3808 4148
586 4149
1794 4150
3440 4151
3001 4152
3122 4153
250 4154
247 4155
3680 4156
2880 4157
332 4158
333 4159
30 4160
1219 4161
1669 4162
1119 4163
1088 4164
3972 4165
2941 4166
1830 4167
2656 4168
2158 4169
2573 4170
320 4171
2992 4172
132 4173
978 4174
212 4175
2158 4176
927 4177
3057 4178
2794 4179
843 4180
4066 4181
1344 4182
3691 4183
430 4184
182 4185
3175 4186
651 4187
3030 4188
2353 4189
3896 4190
1421 4191
2564 4192
3873 4193
4107 4194
3011 4195
231 4196
22 4197
2479 4198
3780 4199
2521 4200
668 4201
2246 4202
3578 4203
3810 4204
3450 4205
1365 4206
1522 4207
2628 4208
3336 4209
65 4210
673 4211
2434 4212
200 4213
2183 4214
3156 4215
1643 4216
1106 4217
4088 4218
1741 4219
3632 4220
795 4221
1382 4222
3018 4223
2739 4224
285 4225
2395 4226
1341 4227
47 4228
3396 4229
2907 4230
3837 4231
4115 4232
3706 4233
2678 4234
4043 4235
102 4236
1131 4237
1852 4238
1645 4239
1109 4240
1724 4241
2619 4242
2468 4243
521 4244
2620 4245
3403 4246
1660 4247
781 4248
2881 4249
1338 4250
321 4251
379 4252
1079 4253
117 4254
2552 4255
3919 4256
1874 4257
1967 4258
1155 4259
2872 4260
371 4261
2426 4262
1538 4263
1300 4264
2976 4265
385 4266
1797 4267
921 4268
2341 4269
2058 4270
1442 4271
3973 4272
1930 4273
1221 4274
2936 4275
14 4276
1670 4277
2834 4278
3417 4279
1278 4280
2788 4281
955 4282
3026 4283
2679 4284
772 4285
1904 4286
1438 4287
1532 4288
3953 4289
1908 4290
2747 4291
1187 4292
3723 4293
3629 4294
3380 4295
799 4296
3879 4297
2060 4298
2487 4299
4034 4300
385 4301
1159 4302
641 4303
872 4304
3629 4305
3263 4306
1207 4307
464 4308
3399 4309
4276 4310
543 4311
2987 4312
98 4313
3090 4314
2751 4315
3166 4316
2813 4317
1367 4318
1991 4319
3358 4320
902 4321
977 4322
4308 4323
1888 4324
1606 4325
3526 4326
1726 4327
3464 4328
386 4329
3021 4330
94 4331
1289 4332
1311 4333
4189 4334
2975 4335
1538 4336
1056 4337
2898 4338
2688 4339
3481 4340
2282 4341
3548 4342
3553 4343
2225 4344
1609 4345
1636 4346
3669 4347
2899 4348
2652 4349
3893 4350
2683 4351
4121 4352
2076 4353
259 4354
112 4355
1182 4356
1214 4357
1529 4358
1496 4359
683 4360
3946 4361
3248 4362
836 4363
3236 4364
937 4365
2509 4366
886 4367
3175 4368
2706 4369
3079 4370
2252 4371
313 4372
2521 4373
2309 4374
1938 4375
3690 4376
228 4377
4095 4378
894 4379
156 4380
1440 4381
2082 4382
1392 4383
2929 4384
1959 4385
2900 4386
1332 4387
2602 4388
3574 4389
2431 4390
9 4391
644 4392
3538 4393
3807 4394
2205 4395
576 4396
2916 4397
3469 4398
293 4399
139 4400
2618 4401
1342 4402
2460 4403
4261 4404
554 4405
1703 4406
3867 4407
4244 4408
3505 4409
2962 4410
3744 4411
1313 4412
2976 4413
3004 4414
2043 4415
2602 4416
1022 4417
2762 4418
1975 4419
2915 4420
1876 4421
3258 4422
2780 4423
727 4424
1231 4425
2740 4426
52 4427
1336 4428
1473 4429
3094 4430
588 4431
3779 4432
4065 4433
3916 4434
191 4435
269 4436
1665 4437
633 4438
2605 4439
401 4440
745 4441
3205 4442
1535 4443
451 4444
3760 4445
4352 4446
4056 4447
2217 4448
1943 4449
1108 4450
1903 4451
998 4452
3911 4453
3515 4454
3847 4455
2744 4456
2898 4457
3459 4458
2676 4459
2373 4460
1209 4461
3348 4462
1735 4463
2465 4464
1184 4465
70 4466
2469 4467
2504 4468
3826 4469
3923 4470
2231 4471
495 4472
286 4473
1812 4474
1329 4475
1014 4476
1099 4477
1746 4478
2056 4479
4304 4480
1187 4481
4173 4482
3857 4483
4250 4484
2906 4485
4373 4486
1799 4487
3195 4488
3774 4489
609 4490
4256 4491
4370 4492
3254 4493
3621 4494
2500 4495
2602 4496
972 4497
4374 4498
736 4499
90 4500
2062 4501
3179 4502
454 4503
2744 4504
2186 4505
3301 4506
4081 4507
1625 4508
950 4509
3357 4510
4446 4511
3236 4512
512 4513
472 4514
549 4515
280 4516
1959 4517
3934 4518
2240 4519
4284 4520
427 4521
1981 4522
4460 4523
2077 4524
933 4525
3118 4526
2115 4527
4434 4528
3266 4529
1530 4530
2652 4531
4229 4532
4089 4533
3450 4534
1906 4535
2034 4536
807 4537
1598 4538
2135 4539
1725 4540
3825 4541
2839 4542
3685 4543
1065 4544
1621 4545
1301 4546
2074 4547
4096 4548
1535 4549
2670 4550
1054 4551
1655 4552
1050 4553
586 4554
3724 4555
3226 4556
2838 4557
3380 4558
3009 4559
1261 4560
2425 4561
2447 4562
360 4563
1094 4564
4432 4565
1728 4566
2486 4567
4064 4568
3357 4569
981 4570
3080 4571
1389 4572
1244 4573
4406 4574
1353 4575
3299 4576
1301 4577
1162 4578
1496 4579
2049 4580
3167 4581
2035 4582
451 4583
4104 4584
466 4585
3608 4586
507 4587
1262 4588
769 4589
2367 4590
2284 4591
3872 4592
133 4593
3666 4594
1559 4595
1599 4596
4002 4597
724 4598
1756 4599
2229 4600
2026 4601
899 4602
4467 4603
4102 4604
4132 4605
2066 4606
4026 4607
1367 4608
1335 4609
3102 4610
2897 4611
2143 4612
1573 4613
2644 4614
4198 4615
2971 4616
4577 4617
4325 4618
3428 4619
608 4620
1002 4621
2951 4622
132 4623
3949 4624
2136 4625
2451 4626
3324 4627
356 4628
3693 4629
4516 4630
965 4631
423 4632
931 4633
663 4634
2518 4635
19 4636
963 4637
3975 4638
2221 4639
4295 4640
452 4641
1136 4642
1530 4643
2247 4644
1712 4645
1955 4646
1548 4647
1293 4648
4605 4649
686 4650
2005 4651
949 4652
1169 4653
1771 4654
3802 4655
3913 4656
1580 4657
3701 4658
2678 4659
2176 4660
1926 4661
3020 4662
2294 4663
761 4664
4401 4665
4370 4666
3388 4667
2369 4668
365 4669
1104 4670
1461 4671
2744 4672
3491 4673
2738 4674
2649 4675
2157 4676
3442 4677
3368 4678
922 4679
4656 4680
4306 4681
2605 4682
1045 4683
3393 4684
288 4685
4493 4686
2283 4687
3817 4688
1141 4689
2885 4690
1165 4691
44 4692
251 4693
2687 4694
396 4695
1702 4696
3497 4697
2706 4698
1892 4699
711 4700
227 4701
862 4702
3633 4703
2671 4704
2700 4705
4624 4706
2183 4707
4344 4708
4 4709
3809 4710
2375 4711
2121 4712
4264 4713
1907 4714
2020 4715
2839 4716
3335 4717
143 4718
2633 4719
4031 4720
1627 4721
1657 4722
4421 4723
2203 4724
1684 4725
692 4726
133 4727
1188 4728
2203 4729
1485 4730
4210 4731
4506 4732
284 4733
1184 4734
2574 4735
2350 4736
639 4737
1289 4738
4489 4739
4732 4740
2164 4741
1988 4742
2500 4743
2740 4744
1451 4745
1981 4746
1074 4747
2872 4748
3313 4749
1774 4750
514 4751
1 4752
1154 4753
2961 4754
4474 4755
3666 4756
693 4757
2687 4758
3238 4759
1926 4760
1305 4761
960 4762
1042 4763
4305 4764
3530 4765
238 4766
4130 4767
923 4768
1045 4769
2572 4770
723 4771
3618 4772
3197 4773
2025 4774
179 4775
726 4776
439 4777
431 4778
3653 4779
407 4780
3057 4781
3033 4782
964 4783
1873 4784
878 4785
284 4786
2085 4787
3657 4788
4519 4789
4516 4790
4167 4791
2024 4792
167 4793
3123 4794
412 4795
4257 4796
1926 4797
3359 4798
1296 4799
3928 4800
1722 4801
291 4802
1697 4803
4166 4804
2269 4805
743 4806
3952 4807
921 4808
3732 4809
2486 4810
1584 4811
1928 4812
1703 4813
4598 4814
3236 4815
117 4816
4164 4817
1567 4818
49 4819
2443 4820
4342 4821
1728 4822
3037 4823
4326 4824
2323 4825
2547 4826
2756 4827
4561 4828
2484 4829
3630 4830
1065 4831
843 4832
2613 4833
695 4834
2692 4835
99 4836
1984 4837
1908 4838
4467 4839
2451 4840
1641 4841
4504 4842
2610 4843
81 4844
301 4845
2375 4846
3696 4847
2783 4848
1758 4849
1900 4850
4201 4851
4396 4852
3075 4853
3377 4854
2302 4855
1956 4856
493 4857
3857 4858
1061 4859
1430 4860
1085 4861
50 4862
3266 4863
3798 4864
4505 4865
45 4866
3211 4867
2398 4868
800 4869
1350 4870
4308 4871
2670 4872
332 4873
3512 4874
2977 4875
1767 4876
2123 4877
11 4878
2538 4879
2069 4880
3652 4881
3890 4882
2128 4883
3357 4884
4304 4885
792 4886
3012 4887
334 4888
2334 4889
2087 4890
4802 4891
4256 4892
782 4893
2466 4894
2792 4895
2751 4896
1568 4897
2577 4898
1676 4899
2222 4900
1839 4901
2076 4902
2003 4903
495 4904
2895 4905
2802 4906
1694 4907
4676 4908
3698 4909
1406 4910
3600 4911
2649 4912
4391 4913
1185 4914
3809 4915
4070 4916
2426 4917
103 4918
3200 4919
4336 4920
2530 4921
1364 4922
4861 4923
4886 4924
1936 4925
4501 4926
2651 4927
2440 4928
4412 4929
3451 4930
3289 4931
2088 4932
3950 4933
3366 4934
311 4935
3859 4936
4454 4937
3847 4938
1362 4939
224 4940
4512 4941
1090 4942
3420 4943
1537 4944
3290 4945
3617 4946
1621 4947
2038 4948
3414 4949
2720 4950
3344 4951
3798 4952
956 4953
3980 4954
1012 4955
1376 4956
2737 4957
1776 4958
3776 4959
1623 4960
1367 4961
3948 4962
2938 4963
3087 4964
910 4965
64 4966
3233 4967
1540 4968
672 4969
3260 4970
3741 4971
283 4972
3825 4973
1087 4974
677 4975
479 4976
2568 4977
3396 4978
1096 4979
4285 4980
4473 4981
1034 4982
4364 4983
4684 4984
3457 4985
3499 4986
4285 4987
3743 4988
1200 4989
1196 4990
3035 4991
1615 4992
3435 4993
275 4994
4574 4995
4272 4996
1895 4997
2913 4998
3131 4999
3096 5000
3900 5001
2089 5002
1212 5003
2075 5004
4410 5005
897 5006
677 5007
25 5008
3311 5009
3050 5010
3394 5011
2668 5012
2544 5013
4486 5014
3393 5015
2886 5016
3484 5017
2062 5018
716 5019
4563 5020
1724 5021
4440 5022
4160 5023
4467 5024
4879 5025
2740 5026
2313 5027
4854 5028
4445 5029
3342 5030
3538 5031
3994 5032
2905 5033
2219 5034
1158 5035
1159 5036
636 5037
398 5038
727 5039
2114 5040
1540 5041
2411 5042
2082 5043
3219 5044
4567 5045
1470 5046
2655 5047
3920 5048
3073 5049
3814 5050
3268 5051
4783 5052
2126 5053
1840 5054
3058 5055
3209 5056
4868 5057
2544 5058
4286 5059
2822 5060
2363 5061
4590 5062
619 5063
1605 5064
168 5065
4244 5066
3630 5067
2697 5068
3029 5069
106 5070
4402 5071
846 5072
1103 5073
89 5074
1522 5075
4921 5076
4588 5077
990 5078
2215 5079
998 5080
3230 5081
4532 5082
564 5083
4996 5084
4795 5085
4077 5086
196 5087
4788 5088
69 5089
738 5090
3458 5091
1888 5092
3352 5093
4136 5094
1309 5095
3671 5096
3972 5097
272 5098
917 5099
181 5100
4693 5101
4403 5102
38 5103
320 5104
4752 5105
5078 5106
5077 5107
1783 5108
3979 5109
5059 5110
59 5111
4540 5112
790 5113
2270 5114
50 5115
1833 5116
5047 5117
4297 5118
2485 5119
2968 5120
2990 5121
3620 5122
2147 5123
3667 5124
2823 5125
590 5126
2094 5127
3595 5128
4632 5129
1048 5130
420 5131
3004 5132
116 5133
2637 5134
855 5135
94 5136
2557 5137
2734 5138
2310 5139
4084 5140
232 5141
923 5142
4320 5143
4494 5144
1018 5145
1780 5146
3493 5147
3567 5148
720 5149
4282 5150
4377 5151
4505 5152
4474 5153
914 5154
3330 5155
1507 5156
3191 5157
4520 5158
1587 5159
1716 5160
2680 5161
109 5162
3038 5163
1334 5164
3928 5165
116 5166
4651 5167
363 5168
815 5169
1240 5170
4750 5171
913 5172
632 5173
660 5174
4966 5175
4841 5176
4945 5177
2540 5178
3554 5179
1817 5180
68 5181
4031 5182
648 5183
1114 5184
2904 5185
1543 5186
5065 5187
2557 5188
1706 5189
820 5190
4264 5191
1128 5192
1953 5193
1072 5194
4657 5195
4182 5196
1396 5197
2496 5198
2202 5199
443 5200
185 5201
4270 5202
323 5203
121 5204
2586 5205
4625 5206
5007 5207
2543 5208
252 5209
4638 5210
4 5211
1220 5212
2556 5213
1849 5214
1610 5215
2049 5216
372 5217
1632 5218
1528 5219
205 5220
1831 5221
4058 5222
421 5223
3114 5224
1298 5225
4925 5226
4725 5227
516 5228
666 5229
2650 5230
3537 5231
3650 5232
3398 5233
93 5234
1492 5235
2621 5236
514 5237
383 5238
4023 5239
3397 5240
967 5241
1028 5242
2039 5243
3411 5244
3640 5245
940 5246
3912 5247
4017 5248
482 5249
1299 5250
970 5251
2746 5252
4749 5253
677 5254
903 5255
318 5256
4081 5257
4546 5258
3364 5259
1645 5260
562 5261
2148 5262
2051 5263
2036 5264
1877 5265
4586 5266
3392 5267
2580 5268
5247 5269
496 5270
76 5271
1311 5272
1497 5273
1445 5274
2901 5275
3255 5276
2509 5277
3472 5278
2806 5279
4974 5280
3894 5281
131 5282
550 5283
4692 5284
1139 5285
3601 5286
2565 5287
2847 5288
4242 5289
601 5290
4971 5291
1121 5292
2456 5293
1750 5294
3814 5295
3269 5296
3963 5297
1631 5298
2036 5299
3707 5300
4167 5301
3718 5302
2669 5303
2218 5304
38 5305
1711 5306
4065 5307
4163 5308
4461 5309
3958 5310
4993 5311
1404 5312
1578 5313
126 5314
4963 5315
4565 5316
2717 5317
4812 5318
874 5319
3459 5320
5315 5321
1344 5322
2884 5323
3859 5324
1964 5325
4789 5326
4651 5327
4073 5328
596 5329
4148 5330
3968 5331
2469 5332
1258 5333
1028 5334
3430 5335
1360 5336
1578 5337
4829 5338
2051 5339
3704 5340
2382 5341
3150 5342
3049 5343
2751 5344
4151 5345
3653 5346
935 5347
5110 5348
3254 5349
1791 5350
724 5351
1205 5352
4635 5353
663 5354
1632 5355
308 5356
6 5357
5101 5358
2814 5359
3956 5360
1378 5361
2164 5362
1096 5363
899 5364
687 5365
5080 5366
3330 5367
1743 5368
4483 5369
4372 5370
5344 5371
3218 5372
3468 5373
1548 5374
1701 5375
923 5376
4166 5377
915 5378
3219 5379
3957 5380
509 5381
4597 5382
2362 5383
4041 5384
1512 5385
3887 5386
5135 5387
4715 5388
1594 5389
5032 5390
2395 5391
4634 5392
708 5393
216 5394
1925 5395
1669 5396
4850 5397
3642 5398
1843 5399
337 5400
2587 5401
2476 5402
2795 5403
3752 5404
415 5405
2053 5406
4702 5407
3284 5408
4621 5409
1960 5410
646 5411
3582 5412
1157 5413
2556 5414
5133 5415
2915 5416
1800 5417
202 5418
2568 5419
157 5420
4577 5421
4432 5422
1128 5423
383 5424
2759 5425
2548 5426
728 5427
3846 5428
2286 5429
1641 5430
2434 5431
748 5432
654 5433
2208 5434
233 5435
2886 5436
4667 5437
4518 5438
745 5439
1518 5440
3324 5441
1296 5442
2702 5443
4792 5444
4861 5445
2632 5446
126 5447
1383 5448
1726 5449
3227 5450
5301 5451
113 5452
3846 5453
3629 5454
3425 5455
5447 5456
2910 5457
3539 5458
198 5459
3146 5460
3161 5461
1518 5462
2697 5463
5106 5464
2082 5465
5260 5466
239 5467
3037 5468
3149 5469
3667 5470
85 5471
621 5472
1908 5473
1614 5474
1379 5475
3816 5476
1656 5477
5054 5478
2135 5479
465 5480
748 5481
3995 5482
1306 5483
4076 5484
4140 5485
2129 5486
3196 5487
4758 5488
4688 5489
4486 5490
1034 5491
2974 5492
2760 5493
1349 5494
3995 5495
4537 5496
4588 5497
1438 5498
2976 5499
797 5500
3811 5501
5414 5502
1152 5503
4182 5504
3269 5505
245 5506
2003 5507
4386 5508
3061 5509
480 5510
126 5511
5269 5512
4579 5513
2012 5514
1702 5515
377 5516
5272 5517
4033 5518
4485 5519
1840 5520
1554 5521
111 5522
4166 5523
538 5524
596 5525
3746 5526
3341 5527
2059 5528
802 5529
3406 5530
2807 5531
1965 5532
1953 5533
5028 5534
1746 5535
2187 5536
3647 5537
2279 5538
2239 5539
3704 5540
3660 5541
2254 5542
5007 5543
1391 5544
4960 5545
5232 5546
1253 5547
537 5548
2281 5549
2727 5550
833 5551
954 5552
2465 5553
3078 5554
4034 5555
1373 5556
3545 5557
994 5558
381 5559
2630 5560
2356 5561
5140 5562
2894 5563
4566 5564
4046 5565
1863 5566
3723 5567
1137 5568
3630 5569
3303 5570
1731 5571
885 5572
1682 5573
521 5574
5283 5575
2499 5576
3069 5577
3344 5578
3579 5579
3883 5580
468 5581
171 5582
1342 5583
1990 5584
4501 5585
1238 5586
1091 5587
1268 5588
4542 5589
175 5590
1189 5591
2596 5592
4697 5593
954 5594
2679 5595
3655 5596
13 5597
1273 5598
4015 5599
4588 5600
3871 5601
1783 5602
3618 5603
547 5604
308 5605
4242 5606
4886 5607
4189 5608
35 5609
5533 5610
1794 5611
4612 5612
5377 5613
796 5614
2083 5615
1929 5616
4420 5617
1406 5618
2906 5619
5230 5620
3807 5621
4854 5622
5506 5623
3859 5624
1213 5625
4895 5626
2770 5627
1828 5628
4982 5629
25 5630
769 5631
3297 5632
4758 5633
280 5634
1307 5635
42 5636
3979 5637
3751 5638
3748 5639
3930 5640
1532 5641
5408 5642
3039 5643
880 5644
1939 5645
174 5646
3043 5647
2279 5648
3848 5649
1110 5650
1309 5651
480 5652
520 5653
5569 5654
1247 5655
326 5656
793 5657
3764 5658
1488 5659
3711 5660
163 5661
2698 5662
2271 5663
3698 5664
2177 5665
1061 5666
5065 5667
3683 5668
1161 5669
1982 5670
3542 5671
4908 5672
1743 5673
479 5674
2627 5675
3138 5676
5538 5677
2443 5678
4056 5679
2501 5680
2614 5681
5263 5682
3525 5683
3141 5684
626 5685
2434 5686
2756 5687
4928 5688
3522 5689
5364 5690
4294 5691
4373 5692
4968 5693
3886 5694
1748 5695
3972 5696
4964 5697
668 5698
4209 5699
3838 5700
1340 5701
378 5702
1226 5703
3336 5704
4469 5705
4364 5706
2241 5707
5158 5708
3931 5709
3318 5710
4847 5711
4629 5712
4561 5713
2981 5714
3711 5715
3026 5716
4963 5717
2542 5718
4924 5719
1047 5720
5583 5721
1445 5722
871 5723
1817 5724
3503 5725
3673 5726
3223 5727
1724 5728
1344 5729
5604 5730
5610 5731
3786 5732
418 5733
3237 5734
1744 5735
666 5736
4867 5737
456 5738
2969 5739
4893 5740
5611 5741
5694 5742
1769 5743
2333 5744
1616 5745
3411 5746
2855 5747
4374 5748
1082 5749
5522 5750
5011 5751
5654 5752
1170 5753
411 5754
526 5755
3425 5756
1087 5757
4380 5758
436 5759
3772 5760
561 5761
1765 5762
1419 5763
4383 5764
5641 5765
5044 5766
343 5767
4679 5768
812 5769
1758 5770
5607 5771
287 5772
2554 5773
1387 5774
5356 5775
5679 5776
707 5777
508 5778
1488 5779
1290 5780
2821 5781
1918 5782
513 5783
353 5784
3612 5785
3411 5786
3109 5787
1073 5788
3633 5789
5151 5790
3110 5791
5610 5792
716 5793
3383 5794
387 5795
2698 5796
674 5797
2375 5798
1637 5799
3233 5800
1319 5801
486 5802
2573 5803
5523 5804
5310 5805
2689 5806
4481 5807
3680 5808
5266 5809
2318 5810
2449 5811
3653 5812
5718 5813
4546 5814
5014 5815
2772 5816
4045 5817
2565 5818
2246 5819
166 5820
1972 5821
2757 5822
4681 5823
4264 5824
2376 5825
972 5826
4445 5827
2587 5828
1412 5829
3734 5830
3480 5831
3333 5832
3306 5833
40 5834
3685 5835
2138 5836
259 5837
2403 5838
1604 5839
3029 5840
4613 5841
1824 5842
2601 5843
4592 5844
2148 5845
4517 5846
4252 5847
811 5848
1238 5849
556 5850
1618 5851
1931 5852
1050 5853
1656 5854
1711 5855
1820 5856
2426 5857
4922 5858
5215 5859
5549 5860
3907 5861
264 5862
3396 5863
2288 5864
0 5865
3406 5866
1786 5867
1227 5868
4437 5869
2556 5870
3133 5871
2144 5872
802 5873
5042 5874
2626 5875
2215 5876
3042 5877
3047 5878
5319 5879
4113 5880
4207 5881
5113 5882
3565 5883
4077 5884
1179 5885
3048 5886
5042 5887
2664 5888
4816 5889
5209 5890
4816 5891
2217 5892
3598 5893
3860 5894
2520 5895
2908 5896
4070 5897
3826 5898
395 5899
543 5900
5233 5901
870 5902
686 5903
4839 5904
3479 5905
3766 5906
5313 5907
5061 5908
1825 5909
2083 5910
5834 5911
5308 5912
2153 5913
4628 5914
2170 5915
1528 5916
5763 5917
3234 5918
1924 5919
1522 5920
3654 5921
1882 5922
2434 5923
2086 5924
69 5925
5232 5926
2517 5927
4591 5928
397 5929
3552 5930
1422 5931
1449 5932
2837 5933
5147 5934
2115 5935
2941 5936
281 5937
839 5938
3188 5939
1714 5940
5219 5941
405 5942
5659 5943
5135 5944
1139 5945
5220 5946
1983 5947
699 5948
2767 5949
4797 5950
5419 5951
4764 5952
2548 5953
1682 5954
1063 5955
5357 5956
2193 5957
3236 5958
711 5959
843 5960
1834 5961
5273 5962
4516 5963
3726 5964
2296 5965
3994 5966
791 5967
597 5968
4687 5969
2652 5970
1481 5971
1595 5972
1294 5973
4677 5974
4705 5975
3870 5976
4259 5977
2559 5978
183 5979
4790 5980
5228 5981
3217 5982
3286 5983
1516 5984
3968 5985
5667 5986
3369 5987
869 5988
5237 5989
3257 5990
4104 5991
5710 5992
1761 5993
3116 5994
5280 5995
5125 5996
244 5997
1001 5998
1060 5999
5285 6000
4386 6001
890 6002
1502 6003
5688 6004
3541 6005
228 6006
3783 6007
2149 6008
5294 6009
649 6010
4921 6011
18 6012
2841 6013
250 6014
4895 6015
101 6016
4654 6017
235 6018
313 6019
4271 6020
1409 6021
4615 6022
3125 6023
594 6024
2389 6025
893 6026
5967 6027
5251 6028
3228 6029
4204 6030
5849 6031
5936 6032
1308 6033
2307 6034
885 6035
3752 6036
149 6037
2035 6038
876 6039
4160 6040
5985 6041
3923 6042
5699 6043
1007 6044
157 6045
961 6046
4491 6047
5258 6048
3688 6049
32 6050
1225 6051
4510 6052
4433 6053
4440 6054
4555 6055
973 6056
5621 6057
2832 6058
1798 6059
4047 6060
2485 6061
3264 6062
5141 6063
4969 6064
3549 6065
1731 6066
2205 6067
4123 6068
3042 6069
2598 6070
5274 6071
4028 6072
1452 6073
5762 6074
5709 6075
48 6076
3560 6077
5854 6078
5533 6079
6049 6080
5817 6081
1168 6082
2419 6083
2323 6084
3171 6085
3689 6086
1414 6087
5857 6088
2933 6089
3748 6090
1689 6091
5862 6092
3981 6093
3200 6094
5346 6095
3446 6096
425 6097
2067 6098
3502 6099
1947 6100
1503 6101
2259 6102
5544 6103
1019 6104
5009 6105
6079 6106
1100 6107
1046 6108
4264 6109
1292 6110
2915 6111
301 6112
3956 6113
3713 6114
3961 6115
1502 6116
4860 6117
4553 6118
5016 6119
596 6120
1310 6121
1306 6122
5570 6123
1151 6124
1167 6125
3090 6126
1049 6127
5818 6128
690 6129
5020 6130
3208 6131
5597 6132
783 6133
5993 6134
1367 6135
3538 6136
4443 6137
1292 6138
2767 6139
5064 6140
2659 6141
2801 6142
164 6143
3890 6144
3369 6145
3642 6146
3315 6147
2066 6148
4991 6149
5260 6150
3477 6151
5225 6152
5528 6153
981 6154
1323 6155
2111 6156
5650 6157
190 6158
5701 6159
4377 6160
3965 6161
3943 6162
202 6163
4307 6164
4333 6165
3174 6166
1718 6167
2045 6168
2940 6169
2573 6170
5079 6171
5127 6172
5705 6173
2789 6174
4755 6175
4275 6176
5948 6177
1915 6178
462 6179
5531 6180
4854 6181
2468 6182
4022 6183
531 6184
3296 6185
2719 6186
2480 6187
4538 6188
3707 6189
4860 6190
4635 6191
5430 6192
767 6193
1512 6194
3843 6195
1849 6196
4121 6197
2950 6198
3579 6199
2384 6200
1191 6201
4470 6202
642 6203
3042 6204
4748 6205
2119 6206
2593 6207
1206 6208
4142 6209
1205 6210
423 6211
5022 6212
5078 6213
2006 6214
5817 6215
1280 6216
5635 6217
3440 6218
1870 6219
5635 6220
4151 6221
3063 6222
3467 6223
695 6224
4860 6225
5861 6226
2049 6227
2555 6228
147 6229
5644 6230
2787 6231
3472 6232
5563 6233
5389 6234
4953 6235
86 6236
307 6237
1494 6238
3754 6239
3518 6240
2314 6241
3331 6242
5766 6243
5227 6244
3102 6245
1713 6246
3590 6247
3371 6248
3698 6249
4315 6250
1117 6251
5570 6252
1990 6253
2324 6254
568 6255
3263 6256
4671 6257
5888 6258
1171 6259
1563 6260
2910 6261
2473 6262
2869 6263
4967 6264
5892 6265
2680 6266
3126 6267
5182 6268
2668 6269
4374 6270
1249 6271
3791 6272
6128 6273
3011 6274
2500 6275
3097 6276
6131 6277
5844 6278
817 6279
2960 6280
1994 6281
35 6282
316 6283
1917 6284
1622 6285
6185 6286
3644 6287
6242 6288
1119 6289
5870 6290
1732 6291
1176 6292
1646 6293
4409 6294
6111 6295
5298 6296
6041 6297
4890 6298
1434 6299
799 6300
2782 6301
583 6302
5624 6303
5805 6304
6290 6305
3496 6306
3153 6307
372 6308
423 6309
2104 6310
4676 6311
2971 6312
5015 6313
4492 6314
4297 6315
5221 6316
4215 6317
5084 6318
4113 6319
3844 6320
3547 6321
753 6322
4522 6323
6084 6324
2228 6325
2666 6326
886 6327
4205 6328
6210 6329
5609 6330
5424 6331
6072 6332
4181 6333
688 6334
6319 6335
2396 6336
1335 6337
4977 6338
408 6339
2990 6340
4656 6341
6150 6342
3486 6343
5335 6344
2376 6345
1075 6346
3413 6347
3968 6348
2540 6349
4604 6350
1321 6351
3497 6352
5039 6353
4517 6354
2221 6355
5663 6356
164 6357
1573 6358
6243 6359
2701 6360
4759 6361
6262 6362
4380 6363
6178 6364
3384 6365
4527 6366
4890 6367
768 6368
2481 6369
500 6370
6332 6371
6348 6372
4225 6373
486 6374
2522 6375
818 6376
5633 6377
5916 6378
1742 6379
1230 6380
625 6381
3326 6382
5277 6383
4661 6384
6315 6385
1038 6386
227 6387
2422 6388
496 6389
450 6390
2542 6391
5548 6392
5000 6393
608 6394
2162 6395
469 6396
1108 6397
5258 6398
72 6399
829 6400
3634 6401
2183 6402
3265 6403
2688 6404
1606 6405
4166 6406
6159 6407
1959 6408
5717 6409
1419 6410
3725 6411
198 6412
2969 6413
3748 6414
265 6415
1772 6416
36 6417
4241 6418
5786 6419
1104 6420
4295 6421
3565 6422
3957 6423
5288 6424
2826 6425
925 6426
4578 6427
3208 6428
3241 6429
646 6430
1506 6431
2359 6432
3859 6433
895 6434
812 6435
4118 6436
1752 6437
3008 6438
1912 6439
3938 6440
3908 6441
1962 6442
298 6443
2585 6444
3260 6445
6342 6446
3827 6447
4226 6448
5618 6449
4956 6450
3670 6451
4042 6452
453 6453
5581 6454
1698 6455
227 6456
145 6457
2844 6458
5973 6459
5939 6460
5512 6461
4954 6462
758 6463
5522 6464
6034 6465
5987 6466
5701 6467
161 6468
3807 6469
3418 6470
5302 6471
5807 6472
3595 6473
5781 6474
2495 6475
5758 6476
1578 6477
3444 6478
2290 6479
3115 6480
5627 6481
2848 6482
6233 6483
5848 6484
2205 6485
4063 6486
2868 6487
5523 6488
5890 6489
4227 6490
3447 6491
4243 6492
3222 6493
5776 6494
6248 6495
4690 6496
2730 6497
4315 6498
3562 6499
5462 6500
1267 6501
1708 6502
3911 6503
50 6504
1078 6505
1294 6506
4605 6507
4906 6508
4712 6509
555 6510
5546 6511
5116 6512
3862 6513
857 6514
4633 6515
5141 6516
1394 6517
3809 6518
6248 6519
1034 6520
1359 6521
2708 6522
4589 6523
5680 6524
2988 6525
1360 6526
4244 6527
3964 6528
6090 6529
2875 6530
4521 6531
5645 6532
333 6533
5950 6534
5338 6535
2303 6536
2636 6537
6408 6538
4448 6539
1532 6540
5801 6541
774 6542
277 6543
4567 6544
6188 6545
4270 6546
3933 6547
414 6548
3988 6549
6245 6550
6207 6551
5182 6552
2454 6553
5825 6554
1602 6555
4509 6556
5732 6557
3432 6558
2149 6559
6034 6560
3977 6561
5236 6562
1241 6563
412 6564
72 6565
577 6566
3843 6567
4978 6568
4934 6569
6354 6570
2551 6571
2929 6572
1180 6573
2263 6574
5319 6575
6001 6576
1296 6577
6226 6578
3933 6579
158 6580
3692 6581
492 6582
2974 6583
249 6584
3830 6585
1858 6586
5166 6587
6110 6588
1690 6589
1299 6590
1978 6591
921 6592
3466 6593
5987 6594
655 6595
4134 6596
1428 6597
3627 6598
104 6599
4255 6600
6437 6601
3673 6602
1205 6603
533 6604
3892 6605
4054 6606
2438 6607
6078 6608
2924 6609
581 6610
905 6611
1217 6612
4387 6613
5246 6614
5100 6615
1793 6616
4118 6617
5577 6618
1098 6619
1501 6620
4205 6621
1310 6622
4949 6623
5749 6624
821 6625
5 6626
3941 6627
6265 6628
2572 6629
5734 6630
385 6631
707 6632
3968 6633
4193 6634
4454 6635
3543 6636
1136 6637
4626 6638
6501 6639
5299 6640
3931 6641
3508 6642
6543 6643
5189 6644
1367 6645
3778 6646
2600 6647
4745 6648
3888 6649
325 6650
5251 6651
5451 6652
3774 6653
2187 6654
6211 6655
2699 6656
815 6657
5948 6658
4752 6659
2173 6660
587 6661
4541 6662
10 6663
4512 6664
3367 6665
3352 6666
1588 6667
2115 6668
575 6669
6148 6670
4554 6671
3314 6672
15 6673
1543 6674
313 6675
5963 6676
1891 6677
4521 6678
4389 6679
180 6680
1540 6681
2205 6682
2659 6683
1506 6684
5654 6685
2777 6686
3062 6687
4189 6688
2982 6689
6014 6690
3081 6691
2583 6692
408 6693
3143 6694
1127 6695
2171 6696
1800 6697
5775 6698
5004 6699
2810 6700
2279 6701
1054 6702
1996 6703
2656 6704
6407 6705
5828 6706
2308 6707
4898 6708
594 6709
3004 6710
2786 6711
2240 6712
3306 6713
4396 6714
5621 6715
3082 6716
4405 6717
650 6718
2283 6719
3120 6720
574 6721
6582 6722
5067 6723
3487 6724
274 6725
884 6726
4524 6727
2232 6728
1880 6729
3364 6730
5040 6731
3420 6732
5545 6733
904 6734
6301 6735
3842 6736
2907 6737
186 6738
56 6739
6479 6740
1310 6741
1020 6742
6627 6743
712 6744
5193 6745
6162 6746
6209 6747
2419 6748
317 6749
312 6750
4013 6751
4233 6752
4910 6753
3505 6754
1158 6755
4952 6756
4410 6757
1558 6758
1303 6759
1020 6760
514 6761
2628 6762
2300 6763
4084 6764
1170 6765
5976 6766
3822 6767
890 6768
3373 6769
1042 6770
5360 6771
4017 6772
1510 6773
3718 6774
3323 6775
5592 6776
1407 6777
349 6778
1653 6779
1083 6780
677 6781
3078 6782
5245 6783
2794 6784
2450 6785
5476 6786
2008 6787
182 6788
4685 6789
2545 6790
2055 6791
1841 6792
3455 6793
6644 6794
986 6795
1906 6796
3480 6797
5795 6798
4852 6799
2941 6800
4299 6801
3277 6802
5180 6803
3113 6804
5884 6805
529 6806
2247 6807
3603 6808
6138 6809
1232 6810
3154 6811
1441 6812
3645 6813
924 6814
6693 6815
6457 6816
5175 6817
2763 6818
6432 6819
626 6820
6199 6821
2878 6822
2256 6823
6060 6824
2830 6825
2322 6826
3519 6827
4819 6828
6209 6829
422 6830
1144 6831
3408 6832
3214 6833
1613 6834
2786 6835
398 6836
6490 6837
1804 6838
5467 6839
4983 6840
136 6841
2445 6842
1948 6843
5007 6844
5108 6845
1343 6846
3173 6847
2328 6848
6425 6849
6112 6850
1997 6851
2936 6852
1454 6853
2594 6854
5829 6855
4378 6856
3493 6857
5833 6858
61 6859
5587 6860
5730 6861
6487 6862
5662 6863
1301 6864
5458 6865
4600 6866
4487 6867
4702 6868
2236 6869
470 6870
6261 6871
6455 6872
6827 6873
5015 6874
6631 6875
2713 6876
2764 6877
2499 6878
2567 6879
6829 6880
1475 6881
605 6882
4272 6883
5751 6884
6109 6885
1341 6886
1522 6887
3941 6888
6424 6889
3969 6890
5884 6891
3077 6892
3975 6893
4718 6894
5841 6895
5106 6896
2465 6897
1500 6898
5628 6899
3277 6900
3537 6901
3499 6902
428 6903
4607 6904
6765 6905
3027 6906
4624 6907
1892 6908
4888 6909
6554 6910
1604 6911
4634 6912
1230 6913
291 6914
4925 6915
1164 6916
1436 6917
2225 6918
2814 6919
6410 6920
6014 6921
6363 6922
1837 6923
6590 6924
1037 6925
1893 6926
209 6927
969 6928
2082 6929
2657 6930
2759 6931
1120 6932
6150 6933
602 6934
4609 6935
6235 6936
3383 6937
4841 6938
5748 6939
1647 6940
3267 6941
1783 6942
2653 6943
997 6944
5057 6945
1071 6946
4384 6947
2134 6948
5608 6949
4285 6950
6885 6951
6950 6952
3824 6953
2923 6954
3883 6955
4385 6956
6605 6957
6155 6958
1560 6959
800 6960
3202 6961
5957 6962
614 6963
411 6964
5633 6965
6086 6966
308 6967
6511 6968
1556 6969
2790 6970
6479 6971
4007 6972
827 6973
6405 6974
6738 6975
2640 6976
2903 6977
4688 6978
2212 6979
1894 6980
1846 6981
3464 6982
4341 6983
2595 6984
1588 6985
6894 6986
5363 6987
6467 6988
6488 6989
6005 6990
1108 6991
666 6992
5650 6993
4451 6994
6435 6995
709 6996
2639 6997
1442 6998
5691 6999
6607 7000
5726 7001
6404 7002
5544 7003
6888 7004
485 7005
1376 7006
6827 7007
5313 7008
2787 7009
4561 7010
3012 7011
2475 7012
6941 7013
1980 7014
341 7015
5767 7016
6470 7017
4421 7018
5897 7019
3951 7020
4187 7021
949 7022
638 7023
2986 7024
6259 7025
3459 7026
3246 7027
2442 7028
458 7029
2720 7030
3027 7031
1375 7032
6038 7033
5679 7034
1204 7035
4089 7036
5306 7037
6046 7038
2733 7039
5147 7040
1182 7041
6834 7042
3852 7043
4566 7044
4655 7045
3111 7046
4464 7047
84 7048
1784 7049
2092 7050
4231 7051
1258 7052
5284 7053
146 7054
592 7055
5782 7056
3626 7057
4408 7058
2537 7059
2171 7060
6856 7061
5382 7062
4788 7063
6467 7064
6371 7065
622 7066
235 7067
307 7068
5587 7069
1354 7070
2294 7071
4417 7072
3848 7073
3553 7074
280 7075
1014 7076
3917 7077
347 7078
3067 7079
3624 7080
4832 7081
6760 7082
4813 7083
127 7084
3969 7085
6082 7086
6765 7087
4801 7088
6727 7089
6205 7090
1242 7091
3720 7092
1461 7093
1112 7094
5020 7095
2887 7096
1059 7097
3252 7098
5446 7099
4029 7100
6617 7101
6970 7102
3208 7103
5081 7104
6035 7105
7096 7106
1712 7107
6248 7108
1369 7109
617 7110
6080 7111
3686 7112
6044 7113
4201 7114
3377 7115
2919 7116
2726 7117
4805 7118
4843 7119
3567 7120
5708 7121
2200 7122
539 7123
772 7124
7041 7125
3682 7126
388 7127
7039 7128
6013 7129
5962 7130
784 7131
3439 7132
1552 7133
2069 7134
2097 7135
4678 7136
6117 7137
2544 7138
438 7139
5624 7140
1865 7141
1968 7142
2327 7143
953 7144
1824 7145
517 7146
2581 7147
1854 7148
720 7149
4056 7150
1815 7151
6227 7152
3634 7153
3462 7154
5740 7155
6060 7156
1030 7157
1947 7158
1310 7159
6616 7160
5121 7161
6978 7162
6407 7163
727 7164
4739 7165
1641 7166
1178 7167
4844 7168
5617 7169
1722 7170
5460 7171
6429 7172
123 7173
3812 7174
1996 7175
5911 7176
5819 7177
5415 7178
3960 7179
2051 7180
5066 7181
103 7182
7071 7183
6979 7184
3539 7185
2585 7186
4974 7187
1147 7188
4003 7189
1681 7190
4767 7191
5988 7192
3304 7193
1224 7194
6086 7195
326 7196
4250 7197
6466 7198
6985 7199
2990 7200
553 7201
4363 7202
184 7203
5091 7204
1338 7205
3073 7206
6755 7207
3019 7208
3068 7209
2196 7210
4664 7211
2574 7212
805 7213
5209 7214
5780 7215
18 7216
2985 7217
679 7218
4068 7219
4206 7220
1166 7221
2287 7222
2532 7223
1144 7224
5906 7225
6734 7226
785 7227
4139 7228
3270 7229
1081 7230
2260 7231
1202 7232
410 7233
5293 7234
5327 7235
3367 7236
4591 7237
2799 7238
5371 7239
1648 7240
2873 7241
1777 7242
6718 7243
2912 7244
5466 7245
5736 7246
1418 7247
5924 7248
1209 7249
444 7250
3820 7251
2044 7252
2911 7253
2289 7254
187 7255
288 7256
5013 7257
0 7258
4204 7259
1187 7260
7012 7261
300 7262
3305 7263
699 7264
5268 7265
3182 7266
7219 7267
6041 7268
4536 7269
987 7270
246 7271
6812 7272
6650 7273
6582 7274
3541 7275
3077 7276
5538 7277
2454 7278
3795 7279
3821 7280
1109 7281
4872 7282
4768 7283
4526 7284
679 7285
5913 7286
1657 7287
5937 7288
6103 7289
5176 7290
96 7291
2533 7292
4924 7293
5962 7294
964 7295
2061 7296
249 7297
448 7298
7032 7299
2768 7300
2959 7301
1300 7302
802 7303
5986 7304
139 7305
681 7306
6847 7307
6068 7308
2777 7309
3736 7310
6807 7311
6689 7312
2763 7313
5627 7314
1012 7315
5723 7316
7306 7317
3578 7318
3838 7319
4173 7320
6438 7321
5561 7322
6182 7323
4043 7324
903 7325
572 7326
1384 7327
3276 7328
7062 7329
1327 7330
6588 7331
5549 7332
4745 7333
6656 7334
4005 7335
1038 7336
1434 7337
3370 7338
155 7339
3889 7340
1956 7341
947 7342
5927 7343
4308 7344
6686 7345
4770 7346
3074 7347
136 7348
2613 7349
1932 7350
4270 7351
5513 7352
684 7353
1579 7354
2441 7355
1517 7356
3465 7357
6052 7358
4759 7359
2780 7360
4477 7361
6595 7362
7072 7363
1407 7364
4001 7365
2646 7366
2833 7367
6804 7368
1286 7369
1845 7370
1683 7371
1158 7372
815 7373
6359 7374
4240 7375
1626 7376
600 7377
1562 7378
802 7379
1857 7380
5683 7381
4762 7382
989 7383
6434 7384
2837 7385
7195 7386
6661 7387
184 7388
4853 7389
4916 7390
4099 7391
2593 7392
4723 7393
5061 7394
6771 7395
6430 7396
1770 7397
14 7398
6336 7399
5936 7400
1079 7401
5386 7402
4901 7403
6696 7404
7321 7405
5788 7406
6247 7407
5943 7408
1124 7409
1877 7410
7249 7411
7332 7412
5448 7413
6018 7414
675 7415
3354 7416
4892 7417
6516 7418
2068 7419
2127 7420
6878 7421
872 7422
7275 7423
511 7424
7062 7425
557 7426
4587 7427
6400 7428
3613 7429
7212 7430
7038 7431
389 7432
462 7433
2968 7434
4496 7435
5010 7436
995 7437
1181 7438
1881 7439
6847 7440
4131 7441
5935 7442
6358 7443
716 7444
3444 7445
1060 7446
6011 7447
2574 7448
6845 7449
4278 7450
2246 7451
6283 7452
3586 7453
6525 7454
2880 7455
5530 7456
3822 7457
2174 7458
5848 7459
2042 7460
3227 7461
5209 7462
5600 7463
7025 7464
5298 7465
245 7466
3174 7467
1189 7468
4235 7469
3024 7470
4376 7471
1702 7472
6037 7473
1514 7474
3215 7475
5967 7476
5860 7477
4636 7478
774 7479
1483 7480
3921 7481
3248 7482
6262 7483
4548 7484
511 7485
3666 7486
3187 7487
1430 7488
3962 7489
6495 7490
5265 7491
7427 7492
2480 7493
6803 7494
6991 7495
751 7496
4304 7497
6554 7498
2748 7499
6240 7500
92 7501
4834 7502
1689 7503
2800 7504
621 7505
212 7506
2293 7507
6313 7508
1363 7509
5578 7510
5697 7511
1731 7512
7479 7513
7404 7514
7110 7515
7017 7516
319 7517
3415 7518
3532 7519
6583 7520
188 7521
4012 7522
925 7523
2788 7524
4025 7525
5195 7526
4341 7527
6891 7528
4486 7529
4152 7530
4900 7531
6984 7532
6627 7533
6059 7534
7472 7535
3025 7536
1323 7537
4975 7538
5977 7539
5248 7540
4600 7541
5740 7542
653 7543
1908 7544
5820 7545
4614 7546
3320 7547
6362 7548
3160 7549
2552 7550
1460 7551
3522 7552
6749 7553
7066 7554
5652 7555
3060 7556
5331 7557
4066 7558
3620 7559
5393 7560
7024 7561
3593 7562
2881 7563
2692 7564
2581 7565
3103 7566
5210 7567
5965 7568
4149 7569
6232 7570
3332 7571
5109 7572
2428 7573
906 7574
3610 7575
1113 7576
7111 7577
3612 7578
6483 7579
2789 7580
4105 7581
5903 7582
3404 7583
7385 7584
5954 7585
7185 7586
6667 7587
1045 7588
2654 7589
55 7590
1823 7591
5526 7592
6790 7593
1455 7594
7377 7595
2050 7596
6741 7597
2003 7598
511 7599
3064 7600
6999 7601
3644 7602
5583 7603
102 7604
6236 7605
7126 7606
4721 7607
4045 7608
5960 7609
6538 7610
6801 7611
895 7612
1866 7613
1359 7614
3766 7615
801 7616
880 7617
4824 7618
1468 7619
6575 7620
4880 7621
5483 7622
4404 7623
4908 7624
4460 7625
1225 7626
7365 7627
562 7628
2367 7629
4218 7630
6942 7631
3447 7632
1693 7633
3069 7634
384 7635
1035 7636
410 7637
6354 7638
1472 7639
142 7640
1238 7641
168 7642
5468 7643
3234 7644
2949 7645
3483 7646
4514 7647
7422 7648
3239 7649
7262 7650
1430 7651
59 7652
7445 7653
547 7654
5177 7655
6272 7656
2227 7657
4608 7658
5261 7659
1849 7660
822 7661
6818 7662
5863 7663
7244 7664
6935 7665
1181 7666
164 7667
1511 7668
2549 7669
3568 7670
1329 7671
854 7672
859 7673
1781 7674
7302 7675
7034 7676
2403 7677
449 7678
6090 7679
7253 7680
1783 7681
5148 7682
2266 7683
6904 7684
1439 7685
5502 7686
1492 7687
1102 7688
6970 7689
41 7690
1790 7691
1602 7692
5714 7693
219 7694
6049 7695
2716 7696
2726 7697
1076 7698
2059 7699
5347 7700
1186 7701
5008 7702
4735 7703
7675 7704
689 7705
2778 7706
4633 7707
4730 7708
2403 7709
6219 7710
203 7711
4520 7712
3521 7713
7381 7714
6228 7715
7459 7716
127 7717
2419 7718
2510 7719
5322 7720
2980 7721
7576 7722
1338 7723
5162 7724
6945 7725
1058 7726
6320 7727
7116 7728
4280 7729
6566 7730
3698 7731
1114 7732
7111 7733
2393 7734
660 7735
6328 7736
5849 7737
5266 7738
7173 7739
6995 7740
6461 7741
2368 7742
7147 7743
6460 7744
3838 7745
2137 7746
796 7747
6688 7748
1261 7749
2229 7750
4472 7751
6928 7752
4912 7753
4373 7754
4600 7755
2421 7756
5771 7757
3293 7758
3793 7759
5982 7760
3755 7761
2705 7762
3608 7763
7329 7764
2204 7765
2531 7766
3003 7767
6257 7768
1156 7769
6907 7770
7119 7771
4148 7772
986 7773
6825 7774
916 7775
7286 7776
3270 7777
7104 7778
2025 7779
6434 7780
7056 7781
1328 7782
6827 7783
709 7784
1593 7785
917 7786
5714 7787
3758 7788
2099 7789
3465 7790
2351 7791
5687 7792
1453 7793
3830 7794
2545 7795
5011 7796
2176 7797
3774 7798
7462 7799
1657 7800
7075 7801
6841 7802
1280 7803
2074 7804
5480 7805
4126 7806
2503 7807
7096 7808
6111 7809
5638 7810
6801 7811
7093 7812
3827 7813
449 7814
3434 7815
3059 7816
6445 7817
3969 7818
7066 7819
4734 7820
2849 7821
2820 7822
3371 7823
4860 7824
4184 7825
4787 7826
7426 7827
701 7828
4206 7829
6989 7830
6094 7831
1710 7832
2450 7833
4253 7834
3733 7835
4921 7836
4011 7837
3899 7838
600 7839
3015 7840
6521 7841
5330 7842
5776 7843
5435 7844
1391 7845
5497 7846
1533 7847
3703 7848
4268 7849
6783 7850
125 7851
6028 7852
7162 7853
5588 7854
3764 7855
2031 7856
2510 7857
7565 7858
7731 7859
5974 7860
7183 7861
816 7862
5671 7863
4851 7864
7301 7865
3387 7866
4896 7867
3323 7868
2416 7869
1549 7870
4832 7871
2088 7872
5602 7873
6216 7874
6162 7875
2429 7876
1196 7877
4363 7878
7676 7879
5974 7880
392 7881
1681 7882
2185 7883
1728 7884
2865 7885
5174 7886
2739 7887
1286 7888
5492 7889
3013 7890
4240 7891
6503 7892
872 7893
5521 7894
341 7895
5300 7896
6674 7897
64 7898
4379 7899
1027 7900
6636 7901
1754 7902
933 7903
6301 7904
63 7905
2761 7906
1329 7907
7253 7908
2147 7909
720 7910
6391 7911
586 7912
4635 7913
7325 7914
1054 7915
1407 7916
1503 7917
2280 7918
2932 7919
563 7920
3225 7921
2673 7922
2817 7923
2276 7924
261 7925
7746 7926
7234 7927
3501 7928
6446 7929
977 7930
7673 7931
3607 7932
7395 7933
6228 7934
5016 7935
7916 7936
6035 7937
5800 7938
4995 7939
4439 7940
7749 7941
7089 7942
703 7943
577 7944
7283 7945
5879 7946
5769 7947
6773 7948
6071 7949
2773 7950
1229 7951
4348 7952
140 7953
5472 7954
6460 7955
4412 7956
4676 7957
5579 7958
3709 7959
2098 7960
623 7961
2398 7962
5346 7963
6779 7964
6702 7965
2468 7966
6074 7967
6008 7968
5803 7969
3565 7970
7422 7971
3210 7972
330 7973
1261 7974
5784 7975
4005 7976
5819 7977
6487 7978
95 7979
2561 7980
7108 7981
2378 7982
7455 7983
5476 7984
2540 7985
1483 7986
7826 7987
3259 7988
1189 7989
974 7990
2720 7991
6151 7992
1103 7993
2706 7994
5295 7995
1520 7996
7660 7997
1607 7998
7881 7999
2404 8000
6409 8001
66 8002
3681 8003
4347 8004
3318 8005
5537 8006
3748 8007
6739 8008
7835 8009
6540 8010
2971 8011
5260 8012
7295 8013
4336 8014
3936 8015
6222 8016
2222 8017
362 8018
173 8019
3794 8020
4676 8021
7507 8022
2547 8023
6568 8024
6694 8025
6947 8026
6165 8027
5066 8028
3289 8029
2889 8030
484 8031
6422 8032
1125 8033
2830 8034
5738 8035
1657 8036
2413 8037
1138 8038
2010 8039
2624 8040
2601 8041
4855 8042
651 8043
5650 8044
4568 8045
2870 8046
5896 8047
4640 8048
7772 8049
6491 8050
1612 8051
7277 8052
2547 8053
5069 8054
5340 8055
5921 8056
5933 8057
2557 8058
3999 8059
7948 8060
3509 8061
5230 8062
2717 8063
113 8064
6956 8065
7160 8066
7505 8067
3973 8068
335 8069
220 8070
4447 8071
1231 8072
3917 8073
2060 8074
6733 8075
1805 8076
7882 8077
6807 8078
7298 8079
460 8080
1555 8081
7421 8082
4468 8083
2047 8084
3724 8085
737 8086
3041 8087
5318 8088
946 8089
6211 8090
4644 8091
3038 8092
5677 8093
4685 8094
3642 8095
152 8096
6901 8097
5202 8098
5266 8099
1923 8100
7049 8101
6320 8102
5995 8103
7619 8104
4208 8105
4311 8106
4510 8107
4964 8108
667 8109
3191 8110
4608 8111
4680 8112
3399 8113
1971 8114
5917 8115
5533 8116
2672 8117
6328 8118
305 8119
7779 8120
5229 8121
7242 8122
3608 8123
5674 8124
7661 8125
5092 8126
4610 8127
1393 8128
3551 8129
7885 8130
6065 8131
3449 8132
6771 8133
3486 8134
1909 8135
2738 8136
7709 8137
429 8138
7671 8139
1869 8140
2214 8141
4216 8142
7183 8143
423 8144
5887 8145
3995 8146
3331 8147
554 8148
4182 8149
4891 8150
3198 8151
2532 8152
7598 8153
1461 8154
7881 8155
4901 8156
152 8157
3231 8158
1148 8159
639 8160
342 8161
3435 8162
1217 8163
1194 8164
5370 8165
38 8166
6664 8167
6774 8168
4443 8169
2981 8170
4734 8171
3676 8172
7825 8173
5564 8174
7458 8175
573 8176
1676 8177
1377 8178
130 8179
5894 8180
1298 8181
889 8182
107 8183
1157 8184
1168 8185
7980 8186
760 8187
6345 8188
7033 8189
2151 8190
1490 8191
3452 8192
334 8193
1541 8194
3967 8195
4024 8196
3089 8197
2659 8198
212 8199
3533 8200
6361 8201
586 8202
3201 8203
854 8204
5161 8205
1183 8206
3413 8207
7374 8208
3493 8209
7126 8210
5172 8211
8091 8212
4812 8213
4074 8214
2753 8215
5490 8216
4429 8217
4987 8218
6639 8219
3990 8220
6325 8221
2991 8222
2099 8223
3337 8224
4923 8225
5214 8226
6250 8227
1327 8228
3824 8229
804 8230
7811 8231
1666 8232
5181 8233
4828 8234
6600 8235
767 8236
4459 8237
1915 8238
487 8239
5869 8240
4517 8241
387 8242
3162 8243
7898 8244
2636 8245
3709 8246
6067 8247
3848 8248
4494 8249
3542 8250
5624 8251
675 8252
6988 8253
6857 8254
3832 8255
4430 8256
4249 8257
3480 8258
5809 8259
4708 8260
2532 8261
6427 8262
3072 8263
5065 8264
4079 8265
6037 8266
3824 8267
3306 8268
1984 8269
4414 8270
3424 8271
176 8272
4012 8273
1780 8274
1005 8275
6618 8276
3294 8277
5948 8278
2960 8279
2073 8280
1248 8281
2699 8282
6822 8283
4225 8284
5253 8285
5699 8286
2548 8287
1016 8288
1041 8289
3886 8290
4755 8291
6207 8292
1570 8293
5770 8294
6885 8295
7413 8296
8066 8297
3000 8298
5722 8299
3307 8300
2970 8301
2667 8302
4232 8303
5562 8304
716 8305
4482 8306
3926 8307
6392 8308
7295 8309
979 8310
2795 8311
6250 8312
5985 8313
5690 8314
4471 8315
4412 8316
2506 8317
7640 8318
4400 8319
6251 8320
4132 8321
5504 8322
219 8323
3863 8324
5584 8325
5162 8326
3591 8327
7908 8328
3613 8329
3394 8330
2941 8331
835 8332
2538 8333
7414 8334
6610 8335
6895 8336
784 8337
5206 8338
6591 8339
6227 8340
5439 8341
1031 8342
2111 8343
8232 8344
5686 8345
3970 8346
4459 8347
3370 8348
7994 8349
8167 8350
4221 8351
7467 8352
919 8353
4732 8354
8055 8355
7705 8356
6421 8357
8247 8358
1815 8359
7465 8360
8311 8361
7163 8362
6389 8363
7582 8364
2639 8365
2221 8366
4381 8367
6851 8368
8104 8369
5986 8370
894 8371
1497 8372
4446 8373
2088 8374
915 8375
3781 8376
214 8377
2877 8378
114 8379
3562 8380
4363 8381
4597 8382
6435 8383
5308 8384
3223 8385
1193 8386
2075 8387
6296 8388
5104 8389
4297 8390
804 8391
5848 8392
293 8393
1980 8394
4710 8395
751 8396
5577 8397
3797 8398
5553 8399
122 8400
7590 8401
2746 8402
6696 8403
6698 8404
1307 8405
2007 8406
6487 8407
5630 8408
4387 8409
4906 8410
4772 8411
5702 8412
1572 8413
4037 8414
6859 8415
34 8416
4144 8417
712 8418
93 8419
5644 8420
2159 8421
5255 8422
2538 8423
1245 8424
4838 8425
133 8426
5706 8427
2175 8428
4921 8429
1683 8430
1476 8431
3688 8432
301 8433
8429 8434
8028 8435
527 8436
876 8437
2485 8438
8005 8439
4640 8440
803 8441
2752 8442
2293 8443
1422 8444
2877 8445
3666 8446
2813 8447
5601 8448
4914 8449
7176 8450
2213 8451
1407 8452
3250 8453
7278 8454
709 8455
6244 8456
7349 8457
5188 8458
1374 8459
709 8460
2692 8461
5335 8462
6786 8463
1425 8464
4844 8465
8190 8466
4074 8467
3400 8468
1875 8469
2106 8470
1926 8471
7613 8472
7735 8473
1007 8474
456 8475
2447 8476
2783 8477
5026 8478
2842 8479
5981 8480
2682 8481
8149 8482
7758 8483
6042 8484
5274 8485
134 8486
3786 8487
3409 8488
7002 8489
2261 8490
7514 8491
1210 8492
3934 8493
8099 8494
984 8495
7065 8496
1196 8497
7430 8498
6973 8499
6676 8500
8138 8501
6390 8502
6017 8503
667 8504
8433 8505
1930 8506
1865 8507
4441 8508
8441 8509
1571 8510
3183 8511
8442 8512
2670 8513
6949 8514
7910 8515
5852 8516
6600 8517
1163 8518
2829 8519
2712 8520
1997 8521
3940 8522
646 8523
321 8524
6861 8525
2571 8526
1386 8527
4004 8528
4470 8529
4439 8530
2188 8531
2679 8532
3299 8533
3027 8534
529 8535
5596 8536
486 8537
47 8538
5898 8539
7671 8540
134 8541
187 8542
3530 8543
3132 8544
6139 8545
7347 8546
248 8547
3102 8548
2944 8549
3627 8550
2378 8551
2717 8552
3027 8553
7863 8554
8451 8555
8207 8556
2686 8557
1234 8558
8313 8559
4423 8560
3353 8561
2019 8562
6480 8563
3270 8564
5767 8565
5724 8566
8381 8567
3694 8568
4956 8569
4248 8570
3527 8571
6269 8572
4441 8573
4754 8574
4679 8575
4135 8576
5217 8577
4658 8578
7164 8579
2195 8580
7748 8581
1249 8582
8287 8583
124 8584
4926 8585
3297 8586
2125 8587
1363 8588
7718 8589
991 8590
7948 8591
3620 8592
468 8593
3891 8594
3666 8595
4025 8596
2437 8597
8055 8598
2084 8599
4971 8600
2340 8601
2429 8602
8160 8603
5248 8604
2298 8605
852 8606
1652 8607
3648 8608
2622 8609
5379 8610
7275 8611
377 8612
6471 8613
6510 8614
50 8615
2593 8616
1232 8617
5017 8618
7389 8619
6610 8620
3358 8621
594 8622
1830 8623
1312 8624
6857 8625
6273 8626
8461 8627
6143 8628
43 8629
5034 8630
6466 8631
801 8632
8396 8633
4642 8634
4246 8635
176 8636
5120 8637
7261 8638
6041 8639
2377 8640
3069 8641
5402 8642
6372 8643
7276 8644
5431 8645
8180 8646
4962 8647
5704 8648
2812 8649
928 8650
6330 8651
6383 8652
8600 8653
5575 8654
1274 8655
6127 8656
8307 8657
4976 8658
8554 8659
561 8660
2988 8661
6027 8662
1691 8663
6394 8664
7086 8665
6515 8666
3610 8667
1636 8668
3013 8669
2488 8670
6738 8671
7111 8672
8280 8673
6691 8674
6517 8675
7473 8676
1450 8677
272 8678
619 8679
6261 8680
4133 8681
1228 8682
5991 8683
7871 8684
7847 8685
2749 8686
4403 8687
5253 8688
2914 8689
3803 8690
7718 8691
6802 8692
411 8693
8586 8694
84 8695
6380 8696
4258 8697
3655 8698
3149 8699
49 8700
6324 8701
7911 8702
4669 8703
2110 8704
8504 8705
6881 8706
543 8707
6715 8708
7279 8709
1026 8710
4463 8711
5476 8712
711 8713
5193 8714
6852 8715
7246 8716
3961 8717
1286 8718
4068 8719
7879 8720
1026 8721
3166 8722
3688 8723
5794 8724
7121 8725
5513 8726
8586 8727
7170 8728
7298 8729
5979 8730
2708 8731
5050 8732
2005 8733
2514 8734
7891 8735
5779 8736
5778 8737
6819 8738
179 8739
5795 8740
5332 8741
6162 8742
5178 8743
3673 8744
3967 8745
4086 8746
7582 8747
8207 8748
5138 8749
8246 8750
3089 8751
2855 8752
4160 8753
1100 8754
6180 8755
4827 8756
3792 8757
5367 8758
5605 8759
160 8760
6663 8761
838 8762
5040 8763
2980 8764
4479 8765
6046 8766
2812 8767
7272 8768
8648 8769
4453 8770
6371 8771
6597 8772
7733 8773
2299 8774
2084 8775
201 8776
2571 8777
2725 8778
5330 8779
7346 8780
5186 8781
4471 8782
2066 8783
4474 8784
6122 8785
7930 8786
5012 8787
6294 8788
7124 8789
702 8790
4889 8791
1993 8792
2424 8793
3428 8794
4008 8795
3190 8796
7675 8797
7188 8798
3805 8799
131 8800
1805 8801
6043 8802
6461 8803
4160 8804
652 8805
2383 8806
4589 8807
7646 8808
1708 8809
4417 8810
6452 8811
2888 8812
2285 8813
6115 8814
4351 8815
197 8816
4155 8817
7438 8818
5402 8819
2546 8820
7636 8821
2490 8822
1863 8823
11 8824
3188 8825
223 8826
8190 8827
2473 8828
3993 8829
4260 8830
3571 8831
6694 8832
4185 8833
6456 8834
855 8835
3973 8836
4576 8837
4867 8838
489 8839
3381 8840
759 8841
319 8842
8289 8843
4769 8844
1872 8845
470 8846
2532 8847
1386 8848
6930 8849
5366 8850
6850 8851
6645 8852
4943 8853
2052 8854
7993 8855
2601 8856
8822 8857
2702 8858
3216 8859
6064 8860
4423 8861
1848 8862
6341 8863
5686 8864
6371 8865
8105 8866
2219 8867
2251 8868
1269 8869
8797 8870
6037 8871
6931 8872
8469 8873
7417 8874
4407 8875
8552 8876
5327 8877
3502 8878
2424 8879
1311 8880
6680 8881
8281 8882
911 8883
2079 8884
8649 8885
5984 8886
3920 8887
1431 8888
3423 8889
3567 8890
3046 8891
852 8892
1589 8893
8754 8894
2091 8895
3544 8896
2257 8897
4218 8898
7268 8899
738 8900
6197 8901
4841 8902
5263 8903
4042 8904
4046 8905
662 8906
780 8907
1734 8908
4992 8909
709 8910
7401 8911
8198 8912
8655 8913
8616 8914
3652 8915
4221 8916
7170 8917
3986 8918
7208 8919
6969 8920
8033 8921
1659 8922
1175 8923
4225 8924
8820 8925
3795 8926
6742 8927
3854 8928
6980 8929
6742 8930
6865 8931
2435 8932
947 8933
8002 8934
8624 8935
3503 8936
6967 8937
5694 8938
1397 8939
3226 8940
7331 8941
7985 8942
2834 8943
1077 8944
1864 8945
3667 8946
1256 8947
4846 8948
7054 8949
1654 8950
7752 8951
2483 8952
3018 8953
3433 8954
1026 8955
6154 8956
5178 8957
2368 8958
4945 8959
1246 8960
6588 8961
1108 8962
5204 8963
1134 8964
4615 8965
3864 8966
2086 8967
319 8968
7455 8969
2450 8970
1003 8971
4105 8972
2873 8973
718 8974
7708 8975
7758 8976
4495 8977
6431 8978
5749 8979
2767 8980
1014 8981
360 8982
4611 8983
5744 8984
8733 8985
921 8986
8649 8987
2703 8988
851 8989
3491 8990
4789 8991
5643 8992
6409 8993
8712 8994
6272 8995
2654 8996
4155 8997
6048 8998
7751 8999
7012 9000
4630 9001
3649 9002
5203 9003
2238 9004
6229 9005
2030 9006
1493 9007
1623 9008
6518 9009
8804 9010
8196 9011
1244 9012
7417 9013
7414 9014
7315 9015
2990 9016
8048 9017
2804 9018
3475 9019
1989 9020
8743 9021
8872 9022
7772 9023
856 9024
2121 9025
8942 9026
3391 9027
8500 9028
6891 9029
4905 9030
1792 9031
276 9032
6 9033
3981 9034
8559 9035
5094 9036
5809 9037
2516 9038
3406 9039
723 9040
7995 9041
174 9042
2818 9043
6808 9044
2430 9045
7065 9046
5389 9047
312 9048
2861 9049
2242 9050
2242 9051
612 9052
5602 9053
7896 9054
7136 9055
4139 9056
2538 9057
7519 9058
8220 9059
8671 9060
8191 9061
7635 9062
651 9063
8025 9064
473 9065
6402 9066
4424 9067
2416 9068
1342 9069
5926 9070
8983 9071
645 9072
311 9073
4845 9074
8543 9075
943 9076
5334 9077
499 9078
8728 9079
4874 9080
8114 9081
6645 9082
5821 9083
2903 9084
755 9085
7550 9086
3029 9087
6374 9088
8402 9089
78 9090
2549 9091
2352 9092
424 9093
5414 9094
8328 9095
8809 9096
5016 9097
4791 9098
2776 9099
2349 9100
3625 9101
8544 9102
8639 9103
2547 9104
150 9105
4387 9106
7044 9107
6831 9108
6079 9109
7524 9110
8620 9111
3393 9112
6031 9113
1968 9114
1106 9115
6798 9116
6364 9117
3060 9118
3994 9119
6863 9120
3078 9121
2463 9122
6450 9123
815 9124
3015 9125
1684 9126
4508 9127
4782 9128
8131 9129
7439 9130
876 9131
8704 9132
7022 9133
5271 9134
1964 9135
4160 9136
6336 9137
736 9138
7531 9139
4313 9140
2539 9141
4957 9142
830 9143
5863 9144
4188 9145
828 9146
4814 9147
6026 9148
2626 9149
7752 9150
2748 9151
3753 9152
3341 9153
6953 9154
4383 9155
5371 9156
1470 9157
6008 9158
7012 9159
5790 9160
748 9161
6522 9162
327 9163
8846 9164
4317 9165
6938 9166
2843 9167
3903 9168
6940 9169
3722 9170
5188 9171
423 9172
335 9173
3766 9174
3399 9175
8761 9176
3937 9177
2766 9178
6719 9179
2235 9180
8649 9181
2130 9182
934 9183
1080 9184
4252 9185
5265 9186
3489 9187
1232 9188
8044 9189
8415 9190
2867 9191
6924 9192
6009 9193
1758 9194
2782 9195
3786 9196
5014 9197
2093 9198
8466 9199
8918 9200
8062 9201
5305 9202
6368 9203
2113 9204
5633 9205
1349 9206
2491 9207
8707 9208
7883 9209
8148 9210
6324 9211
5808 9212
7067 9213
443 9214
338 9215
6847 9216
159 9217
983 9218
4930 9219
5451 9220
946 9221
347 9222
821 9223
7107 9224
5631 9225
1552 9226
6946 9227
3273 9228
8032 9229
3876 9230
4473 9231
4776 9232
4224 9233
3387 9234
3352 9235
7586 9236
3443 9237
7921 9238
8814 9239
8369 9240
3360 9241
6882 9242
871 9243
5558 9244
5405 9245
872 9246
615 9247
8964 9248
159 9249
5167 9250
6165 9251
2351 9252
1493 9253
6910 9254
2570 9255
2833 9256
3509 9257
3989 9258
6957 9259
2727 9260
676 9261
3552 9262
3702 9263
249 9264
7812 9265
1037 9266
2054 9267
9027 9268
269 9269
2699 9270
8145 9271
2759 9272
867 9273
1956 9274
77 9275
4276 9276
1121 9277
5429 9278
8294 9279
4554 9280
7088 9281
3992 9282
8011 9283
149 9284
9086 9285
9123 9286
1345 9287
5825 9288
7153 9289
1236 9290
8469 9291
8619 9292
2293 9293
2691 9294
7048 9295
1981 9296
102 9297
8571 9298
5179 9299
8331 9300
2844 9301
763 9302
9141 9303
1538 9304
6333 9305
3546 9306
6895 9307
3835 9308
8690 9309
7974 9310
609 9311
7509 9312
4003 9313
8771 9314
6921 9315
5085 9316
6619 9317
8476 9318
5899 9319
3375 9320
7246 9321
5117 9322
2264 9323
6761 9324
3891 9325
5985 9326
1424 9327
280 9328
8272 9329
5310 9330
1776 9331
3403 9332
7722 9333
7239 9334
6198 9335
2908 9336
8086 9337
2162 9338
448 9339
5770 9340
7969 9341
8096 9342
5168 9343
5481 9344
4623 9345
5644 9346
8400 9347
2570 9348
71 9349
503 9350
3899 9351
4230 9352
1506 9353
8322 9354
3726 9355
891 9356
742 9357
987 9358
4514 9359
3998 9360
4625 9361
977 9362
8078 9363
5346 9364
8820 9365
1352 9366
1751 9367
4826 9368
5644 9369
1345 9370
7025 9371
2670 9372
5503 9373
7949 9374
5225 9375
5482 9376
5892 9377
9114 9378
1521 9379
3549 9380
4376 9381
9121 9382
1126 9383
2796 9384
8710 9385
5353 9386
1077 9387
8138 9388
8668 9389
1770 9390
1351 9391
835 9392
2254 9393
2692 9394
2504 9395
5877 9396
1121 9397
6285 9398
521 9399
1097 9400
6815 9401
3121 9402
8070 9403
6575 9404
500 9405
6435 9406
9129 9407
4220 9408
4251 9409
447 9410
6606 9411
2773 9412
3983 9413
747 9414
8322 9415
7956 9416
4706 9417
3664 9418
2654 9419
2464 9420
760 9421
6028 9422
99 9423
3627 9424
1978 9425
6393 9426
4566 9427
8732 9428
5110 9429
6382 9430
4185 9431
7523 9432
6484 9433
7971 9434
3514 9435
8176 9436
6853 9437
6227 9438
1838 9439
1123 9440
8560 9441
7618 9442
8721 9443
7230 9444
8957 9445
8585 9446
8242 9447
5098 9448
4660 9449
943 9450
1608 9451
3765 9452
4169 9453
4333 9454
5346 9455
8970 9456
6865 9457
7259 9458
1493 9459
8526 9460
8096 9461
7519 9462
2024 9463
4125 9464
4294 9465
2912 9466
3178 9467
1529 9468
8242 9469
7172 9470
6985 9471
8163 9472
2379 9473
7252 9474
1652 9475
7782 9476
4608 9477
3189 9478
7423 9479
1922 9480
9143 9481
3469 9482
3792 9483
2724 9484
434 9485
7952 9486
7908 9487
6596 9488
8368 9489
8357 9490
7812 9491
3615 9492
6861 9493
8399 9494
5603 9495
6780 9496
7806 9497
6800 9498
360 9499
4067 9500
4929 9501
2010 9502
6593 9503
2336 9504
2345 9505
2421 9506
2524 9507
4666 9508
7707 9509
8244 9510
2806 9511
1600 9512
6984 9513
2756 9514
8332 9515
1378 9516
5843 9517
3709 9518
9482 9519
413 9520
2676 9521
7593 9522
1069 9523
2232 9524
3277 9525
7164 9526
6363 9527
930 9528
4010 9529
1026 9530
8545 9531
9010 9532
9424 9533
3715 9534
5510 9535
3070 9536
4340 9537
9064 9538
8300 9539
1857 9540
6511 9541
5205 9542
652 9543
72 9544
5236 9545
955 9546
7049 9547
8650 9548
570 9549
8979 9550
6390 9551
7705 9552
7353 9553
8342 9554
8724 9555
1005 9556
6709 9557
454 9558
175 9559
6157 9560
6180 9561
7540 9562
1629 9563
4581 9564
6778 9565
3106 9566
3223 9567
3329 9568
3977 9569
423 9570
8128 9571
8192 9572
8252 9573
2592 9574
4103 9575
7222 9576
2487 9577
2839 9578
9490 9579
4909 9580
3541 9581
1724 9582
7615 9583
5420 9584
3816 9585
9169 9586
7339 9587
3009 9588
3018 9589
658 9590
2344 9591
7135 9592
1754 9593
2322 9594
5047 9595
2608 9596
6954 9597
7322 9598
2694 9599
1581 9600
7555 9601
1598 9602
3042 9603
7510 9604
7088 9605
2343 9606
8237 9607
262 9608
83 9609
8182 9610
6052 9611
3006 9612
4544 9613
4546 9614
290 9615
7178 9616
8391 9617
8766 9618
4513 9619
7228 9620
9274 9621
7805 9622
3482 9623
110 9624
4414 9625
5118 9626
186 9627
3996 9628
8417 9629
1603 9630
5765 9631
8519 9632
66 9633
8224 9634
827 9635
7957 9636
2207 9637
1801 9638
7091 9639
236 9640
2821 9641
2588 9642
5206 9643
4086 9644
1528 9645
1806 9646
8742 9647
1735 9648
1160 9649
5609 9650
4375 9651
3459 9652
4139 9653
817 9654
2932 9655
5580 9656
6706 9657
8574 9658
2850 9659
3561 9660
1073 9661
7845 9662
3635 9663
8337 9664
5484 9665
6432 9666
2442 9667
7461 9668
564 9669
6372 9670
7212 9671
4252 9672
3973 9673
1522 9674
8998 9675
8361 9676
6866 9677
7640 9678
5649 9679
4456 9680
1482 9681
5717 9682
316 9683
402 9684
5981 9685
8580 9686
344 9687
5735 9688
6507 9689
1314 9690
845 9691
2290 9692
749 9693
4329 9694
938 9695
5392 9696
9 9697
6386 9698
1130 9699
1047 9700
3210 9701
2544 9702
5798 9703
218 9704
3266 9705
5435 9706
3134 9707
170 9708
8964 9709
7023 9710
1040 9711
863 9712
2200 9713
4133 9714
6832 9715
4340 9716
3685 9717
518 9718
966 9719
578 9720
5824 9721
1249 9722
2526 9723
3712 9724
5013 9725
1805 9726
7924 9727
584 9728
3434 9729
4957 9730
4358 9731
4074 9732
2202 9733
3548 9734
363 9735
3714 9736
1398 9737
1674 9738
2635 9739
505 9740
6444 9741
1548 9742
2842 9743
321 9744
8410 9745
127 9746
3590 9747
6266 9748
8063 9749
2822 9750
4717 9751
40 9752
8072 9753
7710 9754
9423 9755
9106 9756
9122 9757
1057 9758
8275 9759
7486 9760
8310 9761
1018 9762
9191 9763
8551 9764
8849 9765
4256 9766
5097 9767
1257 9768
680 9769
3867 9770
1437 9771
123 9772
1869 9773
3107 9774
3692 9775
67 9776
884 9777
6150 9778
1989 9779
6747 9780
6310 9781
317 9782
26 9783
3007 9784
6666 9785
4278 9786
6824 9787
7337 9788
3221 9789
4406 9790
4210 9791
3380 9792
4482 9793
9003 9794
916 9795
830 9796
417 9797
3958 9798
1630 9799
2769 9800
8165 9801
22 9802
5618 9803
1640 9804
1477 9805
7434 9806
72 9807
407 9808
1714 9809
1803 9810
3933 9811
3416 9812
4613 9813
4441 9814
6805 9815
5186 9816
1976 9817
9333 9818
2121 9819
4540 9820
2353 9821
3783 9822
5650 9823
6160 9824
9163 9825
1325 9826
2752 9827
7790 9828
1628 9829
120 9830
3838 9831
7071 9832
3958 9833
3946 9834
1558 9835
3939 9836
6670 9837
1459 9838
7963 9839
2146 9840
6812 9841
5898 9842
7759 9843
4676 9844
8316 9845
4546 9846
5157 9847
9501 9848
1182 9849
2285 9850
2448 9851
5716 9852
2723 9853
4640 9854
5756 9855
4404 9856
8198 9857
1274 9858
9011 9859
2448 9860
8905 9861
6558 9862
6943 9863
9199 9864
8840 9865
4386 9866
8204 9867
8216 9868
2057 9869
6727 9870
7499 9871
7145 9872
8156 9873
6031 9874
8304 9875
4064 9876
7066 9877
3611 9878
1455 9879
4684 9880
6887 9881
3807 9882
3273 9883
8040 9884
8403 9885
8219 9886
3745 9887
4581 9888
1785 9889
2822 9890
4780 9891
2859 9892
5361 9893
9638 9894
5708 9895
4734 9896
1958 9897
1574 9898
7567 9899
6764 9900
3443 9901
1965 9902
9074 9903
5486 9904
627 9905
5 9906
8059 9907
7896 9908
2133 9909
6459 9910
5044 9911
4874 9912
8361 9913
991 9914
8710 9915
1737 9916
1096 9917
9772 9918
4696 9919
1704 9920
1879 9921
3409 9922
7624 9923
5191 9924
3775 9925
8011 9926
8896 9927
6734 9928
6712 9929
5132 9930
2399 9931
9219 9932
289 9933
4147 9934
2545 9935
2215 9936
1532 9937
2503 9938
5177 9939
3378 9940
5970 9941
2356 9942
9620 9943
2781 9944
6749 9945
5048 9946
9755 9947
274 9948
5917 9949
4736 9950
6563 9951
511 9952
342 9953
3175 9954
2732 9955
7614 9956
9168 9957
4075 9958
9714 9959
1573 9960
6233 9961
1184 9962
694 9963
7324 9964
3576 9965
8567 9966
5136 9967
1238 9968
9835 9969
9809 9970
2224 9971
8481 9972
4027 9973
2676 9974
6147 9975
5288 9976
5735 9977
7439 9978
5581 9979
4240 9980
33 9981
4544 9982
3086 9983
6896 9984
6305 9985
3510 9986
1599 9987
9957 9988
1555 9989
8034 9990
819 9991
1725 9992
9727 9993
8906 9994
6338 9995
6816 9996
6077 9997
2726 9998
7523 9999
